In[2]:= Table[PauliMatrix[k]//MatrixForm,{k,0,4}]
Out[2]= {(1	0
0	1

),(0	1
1	0

),(0	-I
I	0

),(1	0
0	-1

),(1	0
0	1

)}
In[3]:= Table[PauliMatrix[n].PauliMatrix[n]//MatrixForm,{n,3}]
Out[3]= {(1	0
0	1

),(1	0
0	1

),(1	0
0	1

)}
In[4]:= PauliMatrix[1].PauliMatrix[2]==I PauliMatrix[3]
Out[4]= True
In[5]:= PauliMatrix[1].PauliMatrix[2]
Out[5]= {{I,0},{0,-I}}
In[6]:= Dot[PauliMatrix[1],PauliMatrix[2]]
Out[6]= {{I,0},{0,-I}}
	
Build a unitary matrix representing the rotation of the spinor around the z axis through angle \[Phi]:
In[7]:= 
Rotation by 360\[Degree] changes spinor's direction:
In[8]:= %/.\[Phi]->2Pi
In[9]:= MatrixExp[I \[Phi]/2 PauliMatrix[2]]
Out[9]= {{Cos[\[Phi]/2],Sin[\[Phi]/2]},{-Sin[\[Phi]/2],Cos[\[Phi]/2]}}
In[10]:= %/.\[Phi]->2Pi
Out[10]= {{-1,0},{0,-1}}
In[11]:= 2
Out[11]= 2
In[12]:= a0=TrigToExp[MatrixExp[I \[Phi]/2 PauliMatrix[0]]]
a0/.\[Phi]->1Pi
Out[12]= {{E^((I \[Phi])/2),0},{0,E^((I \[Phi])/2)}}
Out[13]= {{I,0},{0,I}}
In[14]:= Series[]
During evaluation of In[14]:= Series::argm: Series called with 0 arguments; 2 or more arguments are expected.
Out[14]= Series[]
In[15]:= Null + -Null
Null  -Null
Null / -Null
Null - -Null
Null - -Null
Null  -Null
-Null / Null
2 Null
2 Null //N




Out[15]= 0
Out[16]= 0
Out[17]= -1
Out[18]= 2 Null
Out[19]= 2 Null
Out[20]= 0
Out[21]= -1
Out[22]= 2 Null
Out[23]= 2. Null
In[24]:= Null + Not[Null]
Null  Not[Null]
Null / Not[Null]
Null - Not[Null]
Null - Not[Null]
Null  Not[Null]
Not[Null] / Null
2 Null
2 Null //N
Out[24]= Null+!Null
Out[25]= Null (!Null)
Out[26]= Null/!Null
Out[27]= Null-!Null
Out[28]= Null-!Null
Out[29]= Null (!Null)
Out[30]= !Null/Null
Out[31]= 2 Null
Out[32]= 2. Null
In[33]:= Null + Not[Null]//N
Null  Not[Null]//N
Null / Not[Null]//N
Null - Not[Null]//N
Null - Not[Null]//N
Null  Not[Null]//N
Not[Null] / Null//N
2 Null
2 Null //N
Out[33]= Null+!Null
Out[34]= Null (!Null)
Out[35]= Null/!Null
Out[36]= Null-1. (!Null)
Out[37]= Null-1. (!Null)
Out[38]= Null (!Null)
Out[39]= !Null/Null
Out[40]= 2 Null
Out[41]= 2. Null
In[42]:= Null === Null
0 === 0
Nothing=== Nothing
Null === Nothing
Null === 0
Nothing === 0


Out[42]= True
Out[43]= True
Out[44]= True
Out[45]= False
Out[46]= False
Out[47]= False
In[48]:= Null === -Null 
0 === -0
Nothing=== -Nothing

Out[48]= False
Out[49]= True
Out[50]= False
In[51]:= Null === -Null + Null
0 === -0 + 0
Nothing=== -Nothing+ Nothing
Out[51]= False
Out[52]= True
Out[53]= False
In[54]:= Null === Null + Null
0 === 0 + 0
Nothing=== Nothing+ Nothing
Out[54]= False
Out[55]= True
Out[56]= False
In[57]:= Null === Null Null
0 === 0 0
Nothing=== Nothing Nothing
Out[57]= False
Out[58]= True
Out[59]= False
In[60]:= Null === Null x Null
0 === 0x 0
Nothing=== Nothing x Nothing
Out[60]= False
Out[61]= True
Out[62]= False
In[63]:= a0=TrigToExp[MatrixExp[I \[Phi]/2 PauliMatrix[0]]]
a0/.\[Phi]->-1Pi
a0/.\[Phi]->1Pi
Out[63]= {{E^((I \[Phi])/2),0},{0,E^((I \[Phi])/2)}}
Out[64]= {{-I,0},{0,-I}}
Out[65]= {{I,0},{0,I}}
In[66]:= a1=TrigToExp[MatrixExp[I \[Phi]/2 PauliMatrix[1]]]
a1/.\[Phi]->1Pi
Out[66]= {{1/2 E^(-((I \[Phi])/2))+1/2 E^((I \[Phi])/2),-(1/2) E^(-((I \[Phi])/2))+1/2 E^((I \[Phi])/2)},{-(1/2) E^(-((I \[Phi])/2))+1/2 E^((I \[Phi])/2),1/2 E^(-((I \[Phi])/2))+1/2 E^((I \[Phi])/2)}}
Out[67]= {{0,I},{I,0}}
In[68]:= a2=TrigToExp[MatrixExp[I \[Phi]/2 PauliMatrix[2]]]
a2/.\[Phi]->1Pi
Out[68]= {{1/2 E^(-((I \[Phi])/2))+1/2 E^((I \[Phi])/2),1/2 I E^(-((I \[Phi])/2))-1/2 I E^((I \[Phi])/2)},{-(1/2) I E^(-((I \[Phi])/2))+1/2 I E^((I \[Phi])/2),1/2 E^(-((I \[Phi])/2))+1/2 E^((I \[Phi])/2)}}
Out[69]= {{0,1},{-1,0}}
In[70]:= a3=TrigToExp[MatrixExp[I \[Phi]/2 PauliMatrix[3]]]
a3/.\[Phi]->1Pi
Out[70]= {{E^((I \[Phi])/2),0},{0,E^(-((I \[Phi])/2))}}
Out[71]= {{I,0},{0,-I}}
In[72]:= a4=TrigToExp[MatrixExp[I \[Phi]/2 PauliMatrix[4]]]
a4/.\[Phi]->1Pi
Out[72]= {{E^((I \[Phi])/2),0},{0,E^((I \[Phi])/2)}}
Out[73]= {{I,0},{0,I}}
In[74]:= {{E^((I \[Phi])/2),0},{0,E^((I \[Phi])/2)}}
Out[74]= {{E^((I \[Phi])/2),0},{0,E^((I \[Phi])/2)}}
In[75]:= 1,1/1!,1/2!,1/3!,1/4!
In[75]:= 1,1/n!,1/n!,1/n!,1/n!
In[75]:= 1,1/n!,1/n!,1/n!,1/n!
In[75]:= \[Phi]=1
Out[75]= 1
In[76]:= \[Phi]=Sqrt[2]/2
{{1^((I \[Phi])/2),0},{0,1^((I \[Phi])/2)}}
Out[76]= 1/Sqrt[2]
Out[77]= {{1,0},{0,1}}
In[78]:= \[Phi]=Sqrt[2+Sqrt[2]]/2
{{(1+1/1!)^((I \[Phi])/2),0},{0,(1+1/1!)^((I \[Phi])/2)}}
Out[78]= Sqrt[2+Sqrt[2]]/2
Out[79]= {{2^(1/4 I Sqrt[2+Sqrt[2]]),0},{0,2^(1/4 I Sqrt[2+Sqrt[2]])}}
In[80]:= \[Phi]=Sqrt[2+Sqrt[2+Sqrt[2]]]/2
{{(1+1/1!+1/2!)^((I \[Phi])/2),0},{0,(1+1/1!+1/2!)^((I \[Phi])/2)}}
Out[80]= 1/2 Sqrt[2+Sqrt[2+Sqrt[2]]]
Out[81]= {{(5/2)^(1/4 I Sqrt[2+Sqrt[2+Sqrt[2]]]),0},{0,(5/2)^(1/4 I Sqrt[2+Sqrt[2+Sqrt[2]]])}}
In[82]:= \[Phi]=Sqrt[2+Sqrt[2+Sqrt[2+Sqrt[2]]]]/2
{{(1+1/1!+1/2!+1/3!)^((I \[Phi])/2),0},{0,(1+1/1!+1/2!+1/3!)^((I \[Phi])/2)}}
Out[82]= 1/2 Sqrt[2+Sqrt[2+Sqrt[2+Sqrt[2]]]]
Out[83]= {{(8/3)^(1/4 I Sqrt[2+Sqrt[2+Sqrt[2+Sqrt[2]]]]),0},{0,(8/3)^(1/4 I Sqrt[2+Sqrt[2+Sqrt[2+Sqrt[2]]]])}}
In[84]:= 
I*I
I*-I
-I*I
-I*-I
Out[84]= -1
Out[85]= 1
Out[86]= 1
Out[87]= -1
In[88]:= cycleCase={-I,I,-I,I,-I,I,-I,I,-I,I,-I,I,-I,I,-I,I,-I,I,-I,I,-I,I,-I,I,-I,I,-I,I}
Out[88]= {-I,I,-I,I,-I,I,-I,I,-I,I,-I,I,-I,I,-I,I,-I,I,-I,I,-I,I,-I,I,-I,I,-I,I}
In[89]:= Take[cycleCase,{1}]
Take[cycleCase,{2}]
Take[cycleCase,{3}]


Out[89]= {-I}
Out[90]= {I}
Out[91]= {-I}
In[92]:= {-I}
Out[92]= {-I}
In[93]:= Table[Take[cycleCase,{n-1}]*Take[cycleCase,{n}],{n,2,8}]
Out[93]= {{1},{1},{1},{1},{1},{1},{1}}
In[94]:= Table[Take[cycleCase,{n-2}]*Take[cycleCase,{n}],{n,3,9}]
Out[94]= {{-1},{-1},{-1},{-1},{-1},{-1},{-1}}
In[95]:= Table[Take[cycleCase,{n-1}]*Take[cycleCase,{n}],{n,2,8}]
Table[Take[cycleCase,{n-2}]*Take[cycleCase,{n}],{n,3,9}]


Out[95]= {{1},{1},{1},{1},{1},{1},{1}}
Out[96]= {{-1},{-1},{-1},{-1},{-1},{-1},{-1}}
In[97]:= Table[Take[cycleCase,{n-1}]*Take[cycleCase,{n}],{n,2,8}]
Table[Take[cycleCase,{n-2}]*Take[cycleCase,{n}],{n,3,9}]


Out[97]= {{1},{1},{1},{1},{1},{1},{1}}
Out[98]= {{-1},{-1},{-1},{-1},{-1},{-1},{-1}}
In[99]:= Table[{Take[cycleCase,{n-1}]*Take[cycleCase,{n}]},{n,2,8}]
Table[Take[cycleCase,{n-2}]*Take[cycleCase,{n}],{n,3,9}]

Out[99]= {{{1}},{{1}},{{1}},{{1}},{{1}},{{1}},{{1}}}
Out[100]= {{-1},{-1},{-1},{-1},{-1},{-1},{-1}}
In[101]:= Table[PauliMatrix[k]//MatrixForm,{k,0,4}]
Out[101]= {(1	0
0	1

),(0	1
1	0

),(0	-I
I	0

),(1	0
0	-1

),(1	0
0	1

)}
In[102]:= twotwo[0,_]
Out[102]= twotwo[0,_]
In[103]:= FullForm[twotwo]
Out[103]//FullForm= twotwo
In[104]:= naxtrixNum=0
{
twotwo[naxtrixNum,1]={{0,I},{-I,0}},
twotwo[naxtrixNum,2]=twotwo[naxtrixNum,1]//MatrixForm,
twotwo[naxtrixNum,3]=Tr[twotwo[naxtrixNum,1]],
twotwo[naxtrixNum,4]=Eigenvalues[twotwo[naxtrixNum,1]],
twotwo[naxtrixNum,5]=Det[twotwo[naxtrixNum,1]],

Transpose[twotwo[naxtrixNum,1]],
ConjugateTranspose[twotwo[naxtrixNum,1]],
Conjugate[twotwo[naxtrixNum,1]],
Inverse[twotwo[naxtrixNum,1]],


AntihermitianMatrixQ[twotwo[naxtrixNum,1]],
SymmetricMatrixQ[twotwo[naxtrixNum,1]],
HermitianMatrixQ[twotwo[naxtrixNum,1]],
AntisymmetricMatrixQ[twotwo[naxtrixNum,1]],
PositiveSemidefiniteMatrixQ[twotwo[naxtrixNum,1]],
PositiveDefiniteMatrixQ[twotwo[naxtrixNum,1]],
NegativeDefiniteMatrixQ[twotwo[naxtrixNum,1]],
NegativeSemidefiniteMatrixQ[twotwo[naxtrixNum,1]],




}


Out[104]= 0
Out[105]= {{{0,I},{-I,0}},(0	I
-I	0

),0,{-1,1},-1,{{0,-I},{I,0}},{{0,I},{-I,0}},{{0,-I},{I,0}},{{0,I},{-I,0}},False,False,True,True,False,False,False,False,Null}
In[106]:= twotwo[naxtrixNum,2]
Out[106]//MatrixForm= (0	I
-I	0

)
In[107]:= twotwo[1]={{I,0},{0,0}}
twotwo[1]//MatrixForm
Tr[twotwo[1]]
Eigenvalues[twotwo[1]]





Out[107]= {{I,0},{0,0}}
Out[108]//MatrixForm= (I	0
0	0

)
Out[109]= I
Out[110]= {I,0}
In[111]:= twotwo[2]={{0,I},{0,0}}
twotwo[2]//MatrixForm
Tr[twotwo[2]]
Eigenvalues[twotwo[2]]




Out[111]= {{0,I},{0,0}}
Out[112]//MatrixForm= (0	I
0	0

)
Out[113]= 0
Out[114]= {0,0}
In[115]:= twotwo[3]={{0,0},{I,0}}
twotwo[3]//MatrixForm
Tr[twotwo[3]]
Eigenvalues[twotwo[3]]



Out[115]= {{0,0},{I,0}}
Out[116]//MatrixForm= (0	0
I	0

)
Out[117]= 0
Out[118]= {0,0}
In[119]:= twotwo[4]={{0,0},{0,I}}
twotwo[4]//MatrixForm
Tr[twotwo[4]]
Eigenvalues[twotwo[4]]




Out[119]= {{0,0},{0,I}}
Out[120]//MatrixForm= (0	0
0	I

)
Out[121]= I
Out[122]= {I,0}
In[123]:= twotwo[5]={{I,I},{0,0}}
twotwo[5]//MatrixForm
Tr[twotwo[5]] 
Eigenvalues[twotwo[5]]



Out[123]= {{I,I},{0,0}}
Out[124]//MatrixForm= (I	I
0	0

)
Out[125]= I
Out[126]= {I,0}
In[127]:= twotwo[6]={{I,0},{I,0}}
twotwo[6]//MatrixForm
Tr[twotwo[6]]
Eigenvalues[twotwo[6]]



Out[127]= {{I,0},{I,0}}
Out[128]//MatrixForm= (I	0
I	0

)
Out[129]= I
Out[130]= {I,0}
In[131]:= twotwo[7]={{I,0},{0,I}}
twotwo[7]//MatrixForm
Tr[twotwo[7]]
Eigenvalues[twotwo[7]]



Out[131]= {{I,0},{0,I}}
Out[132]//MatrixForm= (I	0
0	I

)
Out[133]= 2 I
Out[134]= {I,I}
In[135]:= Inverse[{{0,0},{0,0}}]
During evaluation of In[135]:= Inverse::sing: Matrix {{0,0},{0,0}} is singular.
Out[135]= Inverse[{{0,0},{0,0}}]
In[136]:= Singular
Out[136]= Singular
In[137]:= 1
\[Xi] D
Out[137]= 1
Out[138]= D \[Xi]
SomePlaying
In[139]:= nullNotnullPair={{0},{-I}}
nullNotnullPair//MatrixForm
Out[139]= {{0},{-I}}
Out[140]//MatrixForm= (0
-I

)
In[141]:= {{0},{-I}}
Out[141]= {{0},{-I}}
In[142]:= nullNotnullPair
Out[142]= {{0},{-I}}
In[143]:= {{0},{-I}}
Out[143]= {{0},{-I}}
In[144]:= IdentityMatrix[2]
Out[144]= {{1,0},{0,1}}
In[145]:= IdentityMatrix[3]
Out[145]= {{1,0,0},{0,1,0},{0,0,1}}
In[146]:= IdentityMatrix[1]
Out[146]= {{1}}
In[147]:= IdentityMatrix[1]//MatrixForm
Out[147]//MatrixForm= (1)
In[148]:= nullNotnullPair . IdentityMatrix[2]
During evaluation of In[148]:= Dot::dotsh: Tensors {{0},{-I}} and {{1,0},{0,1}} have incompatible shapes.
Out[148]= {{0},{-I}}.{{1,0},{0,1}}
In[149]:= {{0},{-1}}.{{1,0},{0,1}}
During evaluation of In[149]:= Dot::dotsh: Tensors {{0},{-1}} and {{1,0},{0,1}} have incompatible shapes.
Out[149]= {{0},{-1}}.{{1,0},{0,1}}
In[150]:= -
In[150]:= {{-I,0},{0,-I}}. nullNotnullPair
Out[150]= {{0},{-1}}
In[151]:= {{1,0},{0,1}}. nullNotnullPair
Out[151]= {{0},{-I}}
In[152]:= {{-1,0},{0,-1}}. nullNotnullPair
Out[152]= {{0},{I}}
In[153]:= {{I,0},{0,I}}. nullNotnullPair
Out[153]= {{0},{1}}
In[154]:= {{0,0},{0,0}}. nullNotnullPair
Out[154]= {{0},{0}}
In[155]:= 
In[156]:= {{null},{-}}
In[156]:= {{0},{-}}
In[156]:= {{-I,0},{0,-I}}.{{null},{-(1)}}
Out[156]= {{-I null},{I}}
In[157]:= 


In[158]:= nullNotnullPair={{0},{-I}}
nullNotnullPair//MatrixForm
Out[158]= {{0},{-I}}
Out[159]//MatrixForm= (0
-I

)
In[160]:= naxtrixDiagNum=0
{
twotwo[naxtrixDiagNum,1]={{0,0},{0,0}},
twotwo[naxtrixDiagNum,2]=twotwo[naxtrixDiagNum,1]//MatrixForm,
twotwo[naxtrixDiagNum,3]=Tr[twotwo[naxtrixDiagNum,1]],
twotwo[naxtrixDiagNum,4]=Eigenvalues[twotwo[naxtrixDiagNum,1]],
twotwo[naxtrixDiagNum,5]=Det[twotwo[naxtrixDiagNum,1]],

Transpose[twotwo[naxtrixDiagNum,1]],
ConjugateTranspose[twotwo[naxtrixDiagNum,1]],
Conjugate[twotwo[naxtrixDiagNum,1]],
Inverse[twotwo[naxtrixDiagNum,1]],


AntihermitianMatrixQ[twotwo[naxtrixDiagNum,1]],
SymmetricMatrixQ[twotwo[naxtrixDiagNum,1]],
HermitianMatrixQ[twotwo[naxtrixDiagNum,1]],
AntisymmetricMatrixQ[twotwo[naxtrixDiagNum,1]],
PositiveSemidefiniteMatrixQ[twotwo[naxtrixDiagNum,1]],
PositiveDefiniteMatrixQ[twotwo[naxtrixDiagNum,1]],
NegativeDefiniteMatrixQ[twotwo[naxtrixDiagNum,1]],
NegativeSemidefiniteMatrixQ[twotwo[naxtrixDiagNum,1]],

twotwo[naxtrixDiagNum,1]. nullNotnullPair


}

Out[160]= 0
During evaluation of In[160]:= Inverse::sing: Matrix {{0,0},{0,0}} is singular.
Out[161]= {{{0,0},{0,0}},(0	0
0	0

),0,{0,0},0,{{0,0},{0,0}},{{0,0},{0,0}},{{0,0},{0,0}},Inverse[{{0,0},{0,0}}],True,True,True,True,True,False,False,True,{{0},{0}}}
In[162]:= naxtrixDiagNum=1
{
twotwo[naxtrixDiagNum,1]={{-I,0},{0,-I}},
twotwo[naxtrixDiagNum,2]=twotwo[naxtrixDiagNum,1]//MatrixForm,
twotwo[naxtrixDiagNum,3]=Tr[twotwo[naxtrixDiagNum,1]],
twotwo[naxtrixDiagNum,4]=Eigenvalues[twotwo[naxtrixDiagNum,1]],
twotwo[naxtrixDiagNum,5]=Det[twotwo[naxtrixDiagNum,1]],

Transpose[twotwo[naxtrixDiagNum,1]],
ConjugateTranspose[twotwo[naxtrixDiagNum,1]],
Conjugate[twotwo[naxtrixDiagNum,1]],
Inverse[twotwo[naxtrixDiagNum,1]],


AntihermitianMatrixQ[twotwo[naxtrixDiagNum,1]],
SymmetricMatrixQ[twotwo[naxtrixDiagNum,1]],
HermitianMatrixQ[twotwo[naxtrixDiagNum,1]],
AntisymmetricMatrixQ[twotwo[naxtrixDiagNum,1]],
PositiveSemidefiniteMatrixQ[twotwo[naxtrixDiagNum,1]],
PositiveDefiniteMatrixQ[twotwo[naxtrixDiagNum,1]],
NegativeDefiniteMatrixQ[twotwo[naxtrixDiagNum,1]],
NegativeSemidefiniteMatrixQ[twotwo[naxtrixDiagNum,1]],

twotwo[naxtrixDiagNum,1]. nullNotnullPair



}

Out[162]= 1
Out[163]= {{{-I,0},{0,-I}},(-I	0
0	-I

),-2 I,{-I,-I},-1,{{-I,0},{0,-I}},{{I,0},{0,I}},{{I,0},{0,I}},{{I,0},{0,I}},True,True,False,False,True,False,False,True,{{0},{-1}}}
In[164]:=  nullNotnullPair. nullNotnullPair
During evaluation of In[164]:= Dot::dotsh: Tensors {{0},{-I}} and {{0},{-I}} have incompatible shapes.
Out[164]= {{0},{-I}}.{{0},{-I}}
In[165]:= {{0},{-I}}{{0},{0}}
Out[165]= {{0},{0}}
In[166]:= {{0},{-b}}{{0},{-b}}
Out[166]= {{0},{b^2}}
In[167]:= {{0},{-b}}{{0},{-b}}{{0},{-b}}
Out[167]= {{0},{-b^3}}
In[168]:= {{0},{-b}}{{0},{-b}}{{0},{-b}}{{0},{-b}}
Out[168]= {{0},{b^4}}
In[169]:= {{0},{-b}}{{0},{-b}}{{0},{-b}}{{0},{-b}}{{0},{-b}}
Out[169]= {{0},{-b^5}}
In[170]:= {{0},{-I}}{{0},{-I}}
Out[170]= {{0},{-1}}
In[171]:= {{0},{-I}}{{0},{-I}}{{0},{-I}}
Out[171]= {{0},{I}}
In[172]:= {{0},{-I}}{{0},{-I}}{{0},{-I}}{{0},{-I}}
Out[172]= {{0},{1}}
In[173]:= {{0},{-I}}{{0},{-I}}{{0},{-I}}{{0},{-I}}{{0},{-I}}
Out[173]= {{0},{-I}}
In[174]:= {{0},{-I}}{{0},{-I}}{{0},{-I}}{{0},{-I}}{{0},{-I}}//Cross
During evaluation of In[174]:= Cross::nonn1: The arguments are expected to be vectors of equal length, and the number of arguments is expected to be 1 less than their length.
Out[174]= Cross[{{0},{-I}}]
In[175]:= {{0},{-I}}+{{0},{-I}}+{{0},{-I}}+{{0},{-I}}+{{0},{-I}}
Out[175]= {{0},{-5 I}}
In[176]:= unitZero =ConstantArray[0,{3,3}]
unitNegOne =ConstantArray[-1,{3,3}]
unitOne =ConstantArray[1,{3,3}]
unitZero//MatrixForm
unitNegOne//MatrixForm
unitOne//MatrixForm
Out[176]= {{0,0,0},{0,0,0},{0,0,0}}
Out[177]= {{-1,-1,-1},{-1,-1,-1},{-1,-1,-1}}
Out[178]= {{1,1,1},{1,1,1},{1,1,1}}
Out[179]//MatrixForm= (0	0	0
0	0	0
0	0	0

)
Out[180]//MatrixForm= (-1	-1	-1
-1	-1	-1
-1	-1	-1

)
Out[181]//MatrixForm= (1	1	1
1	1	1
1	1	1

)
In[182]:= unitNegOne  unitOne
unitOne unitNegOne
Out[182]= {{-1,-1,-1},{-1,-1,-1},{-1,-1,-1}}
Out[183]= {{-1,-1,-1},{-1,-1,-1},{-1,-1,-1}}
In[184]:= unitZero unitNegOne
Out[184]= {{0,0,0},{0,0,0},{0,0,0}}
In[185]:= unitNegOne unitZero
Out[185]= {{0,0,0},{0,0,0},{0,0,0}}
In[186]:= {{-1,-1,-1},{-1,-1,-1},{-1,-1,-1}}
Out[186]= {{-1,-1,-1},{-1,-1,-1},{-1,-1,-1}}
In[187]:= ConstantArray[{1},{1,0}]
Out[187]= {{}}
In[188]:= unitZero33=ConstantArray[{unitZero,unitZero,unitZero},{3,3,3,3,3}]
unitZero33//MatrixForm
Out[188]= { \[CenterEllipsis]1\[CenterEllipsis] }
large output	show less	show more	show all	set size limit...


Out[189]//MatrixForm= ((((0	0	0
0	0	0
0	0	0

)	(0	0	0
0	0	0
0	0	0

)	(0	0	0
0	0	0
0	0	0

)
(0	0	0
0	0	0
0	0	0

)	(0	0	0
0	0	0
0	0	0

)	(0	0	0
0	0	0
0	0	0

)
(0	0	0
0	0	0
0	0	0

)	(0	0	0
0	0	0
0	0	0

)	(0	0	0
0	0	0
0	0	0

)

)	((0	0	0
0	0	0
0	0	0

)	(0	0	0
0	0	0
0	0	0

)	(0	0	0
0	0	0
0	0	0

)
(0	0	0
0	0	0
0	0	0

)	(0	0	0
0	0	0
0	0	0

)	(0	0	0
0	0	0
0	0	0

)
(0	0	0
0	0	0
0	0	0

)	(0	0	0
0	0	0
0	0	0

)	(0	0	0
0	0	0
0	0	0

)

)	((0	0	0
0	0	0
0	0	0

)	(0	0	0
0	0	0
0	0	0

)	(0	0	0
0	0	0
0	0	0

)
(0	0	0
0	0	0
0	0	0

)	(0	0	0
0	0	0
0	0	0

)	(0	0	0
0	0	0
0	0	0

)
(0	0	0
0	0	0
0	0	0

)	(0	0	0
0	0	0
0	0	0

)	(0	0	0
0	0	0
0	0	0

)

)
((0	0	0
0	0	0
0	0	0

)	(0	0	0
0	0	0
0	0	0

)	(0	0	0
0	0	0
0	0	0

)
(0	0	0
0	0	0
0	0	0

)	(0	0	0
0	0	0
0	0	0

)	(0	0	0
0	0	0
0	0	0

)
(0	0	0
0	0	0
0	0	0

)	(0	0	0
0	0	0
0	0	0

)	(0	0	0
0	0	0
0	0	0

)

)	((0	0	0
0	0	0
0	0	0

)	(0	0	0
0	0	0
0	0	0

)	(0	0	0
0	0	0
0	0	0

)
(0	0	0
0	0	0
0	0	0

)	(0	0	0
0	0	0
0	0	0

)	(0	0	0
0	0	0
0	0	0

)
(0	0	0
0	0	0
0	0	0

)	(0	0	0
0	0	0
0	0	0

)	(0	0	0
0	0	0
0	0	0

)

)	((0	0	0
0	0	0
0	0	0

)	(0	0	0
0	0	0
0	0	0

)	(0	0	0
0	0	0
0	0	0

)
(0	0	0
0	0	0
0	0	0

)	(0	0	0
0	0	0
0	0	0

)	(0	0	0
0	0	0
0	0	0

)
(0	0	0
0	0	0
0	0	0

)	(0	0	0
0	0	0
0	0	0

)	(0	0	0
0	0	0
0	0	0

)

)
((0	0	0
0	0	0
0	0	0

)	(0	0	0
0	0	0
0	0	0

)	(0	0	0
0	0	0
0	0	0

)
(0	0	0
0	0	0
0	0	0

)	(0	0	0
0	0	0
0	0	0

)	(0	0	0
0	0	0
0	0	0

)
(0	0	0
0	0	0
0	0	0

)	(0	0	0
0	0	0
0	0	0

)	(0	0	0
0	0	0
0	0	0

)

)	((0	0	0
0	0	0
0	0	0

)	(0	0	0
0	0	0
0	0	0

)	(0	0	0
0	0	0
0	0	0

)
(0	0	0
0	0	0
0	0	0

)	(0	0	0
0	0	0
0	0	0

)	(0	0	0
0	0	0
0	0	0

)
(0	0	0
0	0	0
0	0	0

)	(0	0	0
0	0	0
0	0	0

)	(0	0	0
0	0	0
0	0	0

)

)	((0	0	0
0	0	0
0	0	0

)	(0	0	0
0	0	0
0	0	0

)	(0	0	0
0	0	0
0	0	0

)
(0	0	0
0	0	0
0	0	0

)	(0	0	0
0	0	0
0	0	0

)	(0	0	0
0	0	0
0	0	0

)
(0	0	0
0	0	0
0	0	0

)	(0	0	0
0	0	0
0	0	0

)	(0	0	0
0	0	0
0	0	0

)

)

)	(((0	0	0
0	0	0
0	0	0

)	(0	0	0
0	0	0
0	0	0

)	(0	0	0
0	0	0
0	0	0

)
(0	0	0
0	0	0
0	0	0

)	(0	0	0
0	0	0
0	0	0

)	(0	0	0
0	0	0
0	0	0

)
(0	0	0
0	0	0
0	0	0

)	(0	0	0
0	0	0
0	0	0

)	(0	0	0
0	0	0
0	0	0

)

)	((0	0	0
0	0	0
0	0	0

)	(0	0	0
0	0	0
0	0	0

)	(0	0	0
0	0	0
0	0	0

)
(0	0	0
0	0	0
0	0	0

)	(0	0	0
0	0	0
0	0	0

)	(0	0	0
0	0	0
0	0	0

)
(0	0	0
0	0	0
0	0	0

)	(0	0	0
0	0	0
0	0	0

)	(0	0	0
0	0	0
0	0	0

)

)	((0	0	0
0	0	0
0	0	0

)	(0	0	0
0	0	0
0	0	0

)	(0	0	0
0	0	0
0	0	0

)
(0	0	0
0	0	0
0	0	0

)	(0	0	0
0	0	0
0	0	0

)	(0	0	0
0	0	0
0	0	0

)
(0	0	0
0	0	0
0	0	0

)	(0	0	0
0	0	0
0	0	0

)	(0	0	0
0	0	0
0	0	0

)

)
((0	0	0
0	0	0
0	0	0

)	(0	0	0
0	0	0
0	0	0

)	(0	0	0
0	0	0
0	0	0

)
(0	0	0
0	0	0
0	0	0

)	(0	0	0
0	0	0
0	0	0

)	(0	0	0
0	0	0
0	0	0

)
(0	0	0
0	0	0
0	0	0

)	(0	0	0
0	0	0
0	0	0

)	(0	0	0
0	0	0
0	0	0

)

)	((0	0	0
0	0	0
0	0	0

)	(0	0	0
0	0	0
0	0	0

)	(0	0	0
0	0	0
0	0	0

)
(0	0	0
0	0	0
0	0	0

)	(0	0	0
0	0	0
0	0	0

)	(0	0	0
0	0	0
0	0	0

)
(0	0	0
0	0	0
0	0	0

)	(0	0	0
0	0	0
0	0	0

)	(0	0	0
0	0	0
0	0	0

)

)	((0	0	0
0	0	0
0	0	0

)	(0	0	0
0	0	0
0	0	0

)	(0	0	0
0	0	0
0	0	0

)
(0	0	0
0	0	0
0	0	0

)	(0	0	0
0	0	0
0	0	0

)	(0	0	0
0	0	0
0	0	0

)
(0	0	0
0	0	0
0	0	0

)	(0	0	0
0	0	0
0	0	0

)	(0	0	0
0	0	0
0	0	0

)

)
((0	0	0
0	0	0
0	0	0

)	(0	0	0
0	0	0
0	0	0

)	(0	0	0
0	0	0
0	0	0

)
(0	0	0
0	0	0
0	0	0

)	(0	0	0
0	0	0
0	0	0

)	(0	0	0
0	0	0
0	0	0

)
(0	0	0
0	0	0
0	0	0

)	(0	0	0
0	0	0
0	0	0

)	(0	0	0
0	0	0
0	0	0

)

)	((0	0	0
0	0	0
0	0	0

)	(0	0	0
0	0	0
0	0	0

)	(0	0	0
0	0	0
0	0	0

)
(0	0	0
0	0	0
0	0	0

)	(0	0	0
0	0	0
0	0	0

)	(0	0	0
0	0	0
0	0	0

)
(0	0	0
0	0	0
0	0	0

)	(0	0	0
0	0	0
0	0	0

)	(0	0	0
0	0	0
0	0	0

)

)	((0	0	0
0	0	0
0	0	0

)	(0	0	0
0	0	0
0	0	0

)	(0	0	0
0	0	0
0	0	0

)
(0	0	0
0	0	0
0	0	0

)	(0	0	0
0	0	0
0	0	0

)	(0	0	0
0	0	0
0	0	0

)
(0	0	0
0	0	0
0	0	0

)	(0	0	0
0	0	0
0	0	0

)	(0	0	0
0	0	0
0	0	0

)

)

)	(((0	0	0
0	0	0
0	0	0

)	(0	0	0
0	0	0
0	0	0

)	(0	0	0
0	0	0
0	0	0

)
(0	0	0
0	0	0
0	0	0

)	(0	0	0
0	0	0
0	0	0

)	(0	0	0
0	0	0
0	0	0

)
(0	0	0
0	0	0
0	0	0

)	(0	0	0
0	0	0
0	0	0

)	(0	0	0
0	0	0
0	0	0

)

)	((0	0	0
0	0	0
0	0	0

)	(0	0	0
0	0	0
0	0	0

)	(0	0	0
0	0	0
0	0	0

)
(0	0	0
0	0	0
0	0	0

)	(0	0	0
0	0	0
0	0	0

)	(0	0	0
0	0	0
0	0	0

)
(0	0	0
0	0	0
0	0	0

)	(0	0	0
0	0	0
0	0	0

)	(0	0	0
0	0	0
0	0	0

)

)	((0	0	0
0	0	0
0	0	0

)	(0	0	0
0	0	0
0	0	0

)	(0	0	0
0	0	0
0	0	0

)
(0	0	0
0	0	0
0	0	0

)	(0	0	0
0	0	0
0	0	0

)	(0	0	0
0	0	0
0	0	0

)
(0	0	0
0	0	0
0	0	0

)	(0	0	0
0	0	0
0	0	0

)	(0	0	0
0	0	0
0	0	0

)

)
((0	0	0
0	0	0
0	0	0

)	(0	0	0
0	0	0
0	0	0

)	(0	0	0
0	0	0
0	0	0

)
(0	0	0
0	0	0
0	0	0

)	(0	0	0
0	0	0
0	0	0

)	(0	0	0
0	0	0
0	0	0

)
(0	0	0
0	0	0
0	0	0

)	(0	0	0
0	0	0
0	0	0

)	(0	0	0
0	0	0
0	0	0

)

)	((0	0	0
0	0	0
0	0	0

)	(0	0	0
0	0	0
0	0	0

)	(0	0	0
0	0	0
0	0	0

)
(0	0	0
0	0	0
0	0	0

)	(0	0	0
0	0	0
0	0	0

)	(0	0	0
0	0	0
0	0	0

)
(0	0	0
0	0	0
0	0	0

)	(0	0	0
0	0	0
0	0	0

)	(0	0	0
0	0	0
0	0	0

)

)	((0	0	0
0	0	0
0	0	0

)	(0	0	0
0	0	0
0	0	0

)	(0	0	0
0	0	0
0	0	0

)
(0	0	0
0	0	0
0	0	0

)	(0	0	0
0	0	0
0	0	0

)	(0	0	0
0	0	0
0	0	0

)
(0	0	0
0	0	0
0	0	0

)	(0	0	0
0	0	0
0	0	0

)	(0	0	0
0	0	0
0	0	0

)

)
((0	0	0
0	0	0
0	0	0

)	(0	0	0
0	0	0
0	0	0

)	(0	0	0
0	0	0
0	0	0

)
(0	0	0
0	0	0
0	0	0

)	(0	0	0
0	0	0
0	0	0

)	(0	0	0
0	0	0
0	0	0

)
(0	0	0
0	0	0
0	0	0

)	(0	0	0
0	0	0
0	0	0

)	(0	0	0
0	0	0
0	0	0

)

)	((0	0	0
0	0	0
0	0	0

)	(0	0	0
0	0	0
0	0	0

)	(0	0	0
0	0	0
0	0	0

)
(0	0	0
0	0	0
0	0	0

)	(0	0	0
0	0	0
0	0	0

)	(0	0	0
0	0	0
0	0	0

)
(0	0	0
0	0	0
0	0	0

)	(0	0	0
0	0	0
0	0	0

)	(0	0	0
0	0	0
0	0	0

)

)	((0	0	0
0	0	0
0	0	0

)	(0	0	0
0	0	0
0	0	0

)	(0	0	0
0	0	0
0	0	0

)
(0	0	0
0	0	0
0	0	0

)	(0	0	0
0	0	0
0	0	0

)	(0	0	0
0	0	0
0	0	0

)
(0	0	0
0	0	0
0	0	0

)	(0	0	0
0	0	0
0	0	0

)	(0	0	0
0	0	0
0	0	0

)

)

)
(((0	0	0
0	0	0
0	0	0

)	(0	0	0
0	0	0
0	0	0

)	(0	0	0
0	0	0
0	0	0

)
(0	0	0
0	0	0
0	0	0

)	(0	0	0
0	0	0
0	0	0

)	(0	0	0
0	0	0
0	0	0

)
(0	0	0
0	0	0
0	0	0

)	(0	0	0
0	0	0
0	0	0

)	(0	0	0
0	0	0
0	0	0

)

)	((0	0	0
0	0	0
0	0	0

)	(0	0	0
0	0	0
0	0	0

)	(0	0	0
0	0	0
0	0	0

)
(0	0	0
0	0	0
0	0	0

)	(0	0	0
0	0	0
0	0	0

)	(0	0	0
0	0	0
0	0	0

)
(0	0	0
0	0	0
0	0	0

)	(0	0	0
0	0	0
0	0	0

)	(0	0	0
0	0	0
0	0	0

)

)	((0	0	0
0	0	0
0	0	0

)	(0	0	0
0	0	0
0	0	0

)	(0	0	0
0	0	0
0	0	0

)
(0	0	0
0	0	0
0	0	0

)	(0	0	0
0	0	0
0	0	0

)	(0	0	0
0	0	0
0	0	0

)
(0	0	0
0	0	0
0	0	0

)	(0	0	0
0	0	0
0	0	0

)	(0	0	0
0	0	0
0	0	0

)

)
((0	0	0
0	0	0
0	0	0

)	(0	0	0
0	0	0
0	0	0

)	(0	0	0
0	0	0
0	0	0

)
(0	0	0
0	0	0
0	0	0

)	(0	0	0
0	0	0
0	0	0

)	(0	0	0
0	0	0
0	0	0

)
(0	0	0
0	0	0
0	0	0

)	(0	0	0
0	0	0
0	0	0

)	(0	0	0
0	0	0
0	0	0

)

)	((0	0	0
0	0	0
0	0	0

)	(0	0	0
0	0	0
0	0	0

)	(0	0	0
0	0	0
0	0	0

)
(0	0	0
0	0	0
0	0	0

)	(0	0	0
0	0	0
0	0	0

)	(0	0	0
0	0	0
0	0	0

)
(0	0	0
0	0	0
0	0	0

)	(0	0	0
0	0	0
0	0	0

)	(0	0	0
0	0	0
0	0	0

)

)	((0	0	0
0	0	0
0	0	0

)	(0	0	0
0	0	0
0	0	0

)	(0	0	0
0	0	0
0	0	0

)
(0	0	0
0	0	0
0	0	0

)	(0	0	0
0	0	0
0	0	0

)	(0	0	0
0	0	0
0	0	0

)
(0	0	0
0	0	0
0	0	0

)	(0	0	0
0	0	0
0	0	0

)	(0	0	0
0	0	0
0	0	0

)

)
((0	0	0
0	0	0
0	0	0

)	(0	0	0
0	0	0
0	0	0

)	(0	0	0
0	0	0
0	0	0

)
(0	0	0
0	0	0
0	0	0

)	(0	0	0
0	0	0
0	0	0

)	(0	0	0
0	0	0
0	0	0

)
(0	0	0
0	0	0
0	0	0

)	(0	0	0
0	0	0
0	0	0

)	(0	0	0
0	0	0
0	0	0

)

)	((0	0	0
0	0	0
0	0	0

)	(0	0	0
0	0	0
0	0	0

)	(0	0	0
0	0	0
0	0	0

)
(0	0	0
0	0	0
0	0	0

)	(0	0	0
0	0	0
0	0	0

)	(0	0	0
0	0	0
0	0	0

)
(0	0	0
0	0	0
0	0	0

)	(0	0	0
0	0	0
0	0	0

)	(0	0	0
0	0	0
0	0	0

)

)	((0	0	0
0	0	0
0	0	0

)	(0	0	0
0	0	0
0	0	0

)	(0	0	0
0	0	0
0	0	0

)
(0	0	0
0	0	0
0	0	0

)	(0	0	0
0	0	0
0	0	0

)	(0	0	0
0	0	0
0	0	0

)
(0	0	0
0	0	0
0	0	0

)	(0	0	0
0	0	0
0	0	0

)	(0	0	0
0	0	0
0	0	0

)

)

)	(((0	0	0
0	0	0
0	0	0

)	(0	0	0
0	0	0
0	0	0

)	(0	0	0
0	0	0
0	0	0

)
(0	0	0
0	0	0
0	0	0

)	(0	0	0
0	0	0
0	0	0

)	(0	0	0
0	0	0
0	0	0

)
(0	0	0
0	0	0
0	0	0

)	(0	0	0
0	0	0
0	0	0

)	(0	0	0
0	0	0
0	0	0

)

)	((0	0	0
0	0	0
0	0	0

)	(0	0	0
0	0	0
0	0	0

)	(0	0	0
0	0	0
0	0	0

)
(0	0	0
0	0	0
0	0	0

)	(0	0	0
0	0	0
0	0	0

)	(0	0	0
0	0	0
0	0	0

)
(0	0	0
0	0	0
0	0	0

)	(0	0	0
0	0	0
0	0	0

)	(0	0	0
0	0	0
0	0	0

)

)	((0	0	0
0	0	0
0	0	0

)	(0	0	0
0	0	0
0	0	0

)	(0	0	0
0	0	0
0	0	0

)
(0	0	0
0	0	0
0	0	0

)	(0	0	0
0	0	0
0	0	0

)	(0	0	0
0	0	0
0	0	0

)
(0	0	0
0	0	0
0	0	0

)	(0	0	0
0	0	0
0	0	0

)	(0	0	0
0	0	0
0	0	0

)

)
((0	0	0
0	0	0
0	0	0

)	(0	0	0
0	0	0
0	0	0

)	(0	0	0
0	0	0
0	0	0

)
(0	0	0
0	0	0
0	0	0

)	(0	0	0
0	0	0
0	0	0

)	(0	0	0
0	0	0
0	0	0

)
(0	0	0
0	0	0
0	0	0

)	(0	0	0
0	0	0
0	0	0

)	(0	0	0
0	0	0
0	0	0

)

)	((0	0	0
0	0	0
0	0	0

)	(0	0	0
0	0	0
0	0	0

)	(0	0	0
0	0	0
0	0	0

)
(0	0	0
0	0	0
0	0	0

)	(0	0	0
0	0	0
0	0	0

)	(0	0	0
0	0	0
0	0	0

)
(0	0	0
0	0	0
0	0	0

)	(0	0	0
0	0	0
0	0	0

)	(0	0	0
0	0	0
0	0	0

)

)	((0	0	0
0	0	0
0	0	0

)	(0	0	0
0	0	0
0	0	0

)	(0	0	0
0	0	0
0	0	0

)
(0	0	0
0	0	0
0	0	0

)	(0	0	0
0	0	0
0	0	0

)	(0	0	0
0	0	0
0	0	0

)
(0	0	0
0	0	0
0	0	0

)	(0	0	0
0	0	0
0	0	0

)	(0	0	0
0	0	0
0	0	0

)

)
((0	0	0
0	0	0
0	0	0

)	(0	0	0
0	0	0
0	0	0

)	(0	0	0
0	0	0
0	0	0

)
(0	0	0
0	0	0
0	0	0

)	(0	0	0
0	0	0
0	0	0

)	(0	0	0
0	0	0
0	0	0

)
(0	0	0
0	0	0
0	0	0

)	(0	0	0
0	0	0
0	0	0

)	(0	0	0
0	0	0
0	0	0

)

)	((0	0	0
0	0	0
0	0	0

)	(0	0	0
0	0	0
0	0	0

)	(0	0	0
0	0	0
0	0	0

)
(0	0	0
0	0	0
0	0	0

)	(0	0	0
0	0	0
0	0	0

)	(0	0	0
0	0	0
0	0	0

)
(0	0	0
0	0	0
0	0	0

)	(0	0	0
0	0	0
0	0	0

)	(0	0	0
0	0	0
0	0	0

)

)	((0	0	0
0	0	0
0	0	0

)	(0	0	0
0	0	0
0	0	0

)	(0	0	0
0	0	0
0	0	0

)
(0	0	0
0	0	0
0	0	0

)	(0	0	0
0	0	0
0	0	0

)	(0	0	0
0	0	0
0	0	0

)
(0	0	0
0	0	0
0	0	0

)	(0	0	0
0	0	0
0	0	0

)	(0	0	0
0	0	0
0	0	0

)

)

)	(((0	0	0
0	0	0
0	0	0

)	(0	0	0
0	0	0
0	0	0

)	(0	0	0
0	0	0
0	0	0

)
(0	0	0
0	0	0
0	0	0

)	(0	0	0
0	0	0
0	0	0

)	(0	0	0
0	0	0
0	0	0

)
(0	0	0
0	0	0
0	0	0

)	(0	0	0
0	0	0
0	0	0

)	(0	0	0
0	0	0
0	0	0

)

)	((0	0	0
0	0	0
0	0	0

)	(0	0	0
0	0	0
0	0	0

)	(0	0	0
0	0	0
0	0	0

)
(0	0	0
0	0	0
0	0	0

)	(0	0	0
0	0	0
0	0	0

)	(0	0	0
0	0	0
0	0	0

)
(0	0	0
0	0	0
0	0	0

)	(0	0	0
0	0	0
0	0	0

)	(0	0	0
0	0	0
0	0	0

)

)	((0	0	0
0	0	0
0	0	0

)	(0	0	0
0	0	0
0	0	0

)	(0	0	0
0	0	0
0	0	0

)
(0	0	0
0	0	0
0	0	0

)	(0	0	0
0	0	0
0	0	0

)	(0	0	0
0	0	0
0	0	0

)
(0	0	0
0	0	0
0	0	0

)	(0	0	0
0	0	0
0	0	0

)	(0	0	0
0	0	0
0	0	0

)

)
((0	0	0
0	0	0
0	0	0

)	(0	0	0
0	0	0
0	0	0

)	(0	0	0
0	0	0
0	0	0

)
(0	0	0
0	0	0
0	0	0

)	(0	0	0
0	0	0
0	0	0

)	(0	0	0
0	0	0
0	0	0

)
(0	0	0
0	0	0
0	0	0

)	(0	0	0
0	0	0
0	0	0

)	(0	0	0
0	0	0
0	0	0

)

)	((0	0	0
0	0	0
0	0	0

)	(0	0	0
0	0	0
0	0	0

)	(0	0	0
0	0	0
0	0	0

)
(0	0	0
0	0	0
0	0	0

)	(0	0	0
0	0	0
0	0	0

)	(0	0	0
0	0	0
0	0	0

)
(0	0	0
0	0	0
0	0	0

)	(0	0	0
0	0	0
0	0	0

)	(0	0	0
0	0	0
0	0	0

)

)	((0	0	0
0	0	0
0	0	0

)	(0	0	0
0	0	0
0	0	0

)	(0	0	0
0	0	0
0	0	0

)
(0	0	0
0	0	0
0	0	0

)	(0	0	0
0	0	0
0	0	0

)	(0	0	0
0	0	0
0	0	0

)
(0	0	0
0	0	0
0	0	0

)	(0	0	0
0	0	0
0	0	0

)	(0	0	0
0	0	0
0	0	0

)

)
((0	0	0
0	0	0
0	0	0

)	(0	0	0
0	0	0
0	0	0

)	(0	0	0
0	0	0
0	0	0

)
(0	0	0
0	0	0
0	0	0

)	(0	0	0
0	0	0
0	0	0

)	(0	0	0
0	0	0
0	0	0

)
(0	0	0
0	0	0
0	0	0

)	(0	0	0
0	0	0
0	0	0

)	(0	0	0
0	0	0
0	0	0

)

)	((0	0	0
0	0	0
0	0	0

)	(0	0	0
0	0	0
0	0	0

)	(0	0	0
0	0	0
0	0	0

)
(0	0	0
0	0	0
0	0	0

)	(0	0	0
0	0	0
0	0	0

)	(0	0	0
0	0	0
0	0	0

)
(0	0	0
0	0	0
0	0	0

)	(0	0	0
0	0	0
0	0	0

)	(0	0	0
0	0	0
0	0	0

)

)	((0	0	0
0	0	0
0	0	0

)	(0	0	0
0	0	0
0	0	0

)	(0	0	0
0	0	0
0	0	0

)
(0	0	0
0	0	0
0	0	0

)	(0	0	0
0	0	0
0	0	0

)	(0	0	0
0	0	0
0	0	0

)
(0	0	0
0	0	0
0	0	0

)	(0	0	0
0	0	0
0	0	0

)	(0	0	0
0	0	0
0	0	0

)

)

)
(((0	0	0
0	0	0
0	0	0

)	(0	0	0
0	0	0
0	0	0

)	(0	0	0
0	0	0
0	0	0

)
(0	0	0
0	0	0
0	0	0

)	(0	0	0
0	0	0
0	0	0

)	(0	0	0
0	0	0
0	0	0

)
(0	0	0
0	0	0
0	0	0

)	(0	0	0
0	0	0
0	0	0

)	(0	0	0
0	0	0
0	0	0

)

)	((0	0	0
0	0	0
0	0	0

)	(0	0	0
0	0	0
0	0	0

)	(0	0	0
0	0	0
0	0	0

)
(0	0	0
0	0	0
0	0	0

)	(0	0	0
0	0	0
0	0	0

)	(0	0	0
0	0	0
0	0	0

)
(0	0	0
0	0	0
0	0	0

)	(0	0	0
0	0	0
0	0	0

)	(0	0	0
0	0	0
0	0	0

)

)	((0	0	0
0	0	0
0	0	0

)	(0	0	0
0	0	0
0	0	0

)	(0	0	0
0	0	0
0	0	0

)
(0	0	0
0	0	0
0	0	0

)	(0	0	0
0	0	0
0	0	0

)	(0	0	0
0	0	0
0	0	0

)
(0	0	0
0	0	0
0	0	0

)	(0	0	0
0	0	0
0	0	0

)	(0	0	0
0	0	0
0	0	0

)

)
((0	0	0
0	0	0
0	0	0

)	(0	0	0
0	0	0
0	0	0

)	(0	0	0
0	0	0
0	0	0

)
(0	0	0
0	0	0
0	0	0

)	(0	0	0
0	0	0
0	0	0

)	(0	0	0
0	0	0
0	0	0

)
(0	0	0
0	0	0
0	0	0

)	(0	0	0
0	0	0
0	0	0

)	(0	0	0
0	0	0
0	0	0

)

)	((0	0	0
0	0	0
0	0	0

)	(0	0	0
0	0	0
0	0	0

)	(0	0	0
0	0	0
0	0	0

)
(0	0	0
0	0	0
0	0	0

)	(0	0	0
0	0	0
0	0	0

)	(0	0	0
0	0	0
0	0	0

)
(0	0	0
0	0	0
0	0	0

)	(0	0	0
0	0	0
0	0	0

)	(0	0	0
0	0	0
0	0	0

)

)	((0	0	0
0	0	0
0	0	0

)	(0	0	0
0	0	0
0	0	0

)	(0	0	0
0	0	0
0	0	0

)
(0	0	0
0	0	0
0	0	0

)	(0	0	0
0	0	0
0	0	0

)	(0	0	0
0	0	0
0	0	0

)
(0	0	0
0	0	0
0	0	0

)	(0	0	0
0	0	0
0	0	0

)	(0	0	0
0	0	0
0	0	0

)

)
((0	0	0
0	0	0
0	0	0

)	(0	0	0
0	0	0
0	0	0

)	(0	0	0
0	0	0
0	0	0

)
(0	0	0
0	0	0
0	0	0

)	(0	0	0
0	0	0
0	0	0

)	(0	0	0
0	0	0
0	0	0

)
(0	0	0
0	0	0
0	0	0

)	(0	0	0
0	0	0
0	0	0

)	(0	0	0
0	0	0
0	0	0

)

)	((0	0	0
0	0	0
0	0	0

)	(0	0	0
0	0	0
0	0	0

)	(0	0	0
0	0	0
0	0	0

)
(0	0	0
0	0	0
0	0	0

)	(0	0	0
0	0	0
0	0	0

)	(0	0	0
0	0	0
0	0	0

)
(0	0	0
0	0	0
0	0	0

)	(0	0	0
0	0	0
0	0	0

)	(0	0	0
0	0	0
0	0	0

)

)	((0	0	0
0	0	0
0	0	0

)	(0	0	0
0	0	0
0	0	0

)	(0	0	0
0	0	0
0	0	0

)
(0	0	0
0	0	0
0	0	0

)	(0	0	0
0	0	0
0	0	0

)	(0	0	0
0	0	0
0	0	0

)
(0	0	0
0	0	0
0	0	0

)	(0	0	0
0	0	0
0	0	0

)	(0	0	0
0	0	0
0	0	0

)

)

)	(((0	0	0
0	0	0
0	0	0

)	(0	0	0
0	0	0
0	0	0

)	(0	0	0
0	0	0
0	0	0

)
(0	0	0
0	0	0
0	0	0

)	(0	0	0
0	0	0
0	0	0

)	(0	0	0
0	0	0
0	0	0

)
(0	0	0
0	0	0
0	0	0

)	(0	0	0
0	0	0
0	0	0

)	(0	0	0
0	0	0
0	0	0

)

)	((0	0	0
0	0	0
0	0	0

)	(0	0	0
0	0	0
0	0	0

)	(0	0	0
0	0	0
0	0	0

)
(0	0	0
0	0	0
0	0	0

)	(0	0	0
0	0	0
0	0	0

)	(0	0	0
0	0	0
0	0	0

)
(0	0	0
0	0	0
0	0	0

)	(0	0	0
0	0	0
0	0	0

)	(0	0	0
0	0	0
0	0	0

)

)	((0	0	0
0	0	0
0	0	0

)	(0	0	0
0	0	0
0	0	0

)	(0	0	0
0	0	0
0	0	0

)
(0	0	0
0	0	0
0	0	0

)	(0	0	0
0	0	0
0	0	0

)	(0	0	0
0	0	0
0	0	0

)
(0	0	0
0	0	0
0	0	0

)	(0	0	0
0	0	0
0	0	0

)	(0	0	0
0	0	0
0	0	0

)

)
((0	0	0
0	0	0
0	0	0

)	(0	0	0
0	0	0
0	0	0

)	(0	0	0
0	0	0
0	0	0

)
(0	0	0
0	0	0
0	0	0

)	(0	0	0
0	0	0
0	0	0

)	(0	0	0
0	0	0
0	0	0

)
(0	0	0
0	0	0
0	0	0

)	(0	0	0
0	0	0
0	0	0

)	(0	0	0
0	0	0
0	0	0

)

)	((0	0	0
0	0	0
0	0	0

)	(0	0	0
0	0	0
0	0	0

)	(0	0	0
0	0	0
0	0	0

)
(0	0	0
0	0	0
0	0	0

)	(0	0	0
0	0	0
0	0	0

)	(0	0	0
0	0	0
0	0	0

)
(0	0	0
0	0	0
0	0	0

)	(0	0	0
0	0	0
0	0	0

)	(0	0	0
0	0	0
0	0	0

)

)	((0	0	0
0	0	0
0	0	0

)	(0	0	0
0	0	0
0	0	0

)	(0	0	0
0	0	0
0	0	0

)
(0	0	0
0	0	0
0	0	0

)	(0	0	0
0	0	0
0	0	0

)	(0	0	0
0	0	0
0	0	0

)
(0	0	0
0	0	0
0	0	0

)	(0	0	0
0	0	0
0	0	0

)	(0	0	0
0	0	0
0	0	0

)

)
((0	0	0
0	0	0
0	0	0

)	(0	0	0
0	0	0
0	0	0

)	(0	0	0
0	0	0
0	0	0

)
(0	0	0
0	0	0
0	0	0

)	(0	0	0
0	0	0
0	0	0

)	(0	0	0
0	0	0
0	0	0

)
(0	0	0
0	0	0
0	0	0

)	(0	0	0
0	0	0
0	0	0

)	(0	0	0
0	0	0
0	0	0

)

)	((0	0	0
0	0	0
0	0	0

)	(0	0	0
0	0	0
0	0	0

)	(0	0	0
0	0	0
0	0	0

)
(0	0	0
0	0	0
0	0	0

)	(0	0	0
0	0	0
0	0	0

)	(0	0	0
0	0	0
0	0	0

)
(0	0	0
0	0	0
0	0	0

)	(0	0	0
0	0	0
0	0	0

)	(0	0	0
0	0	0
0	0	0

)

)	((0	0	0
0	0	0
0	0	0

)	(0	0	0
0	0	0
0	0	0

)	(0	0	0
0	0	0
0	0	0

)
(0	0	0
0	0	0
0	0	0

)	(0	0	0
0	0	0
0	0	0

)	(0	0	0
0	0	0
0	0	0

)
(0	0	0
0	0	0
0	0	0

)	(0	0	0
0	0	0
0	0	0

)	(0	0	0
0	0	0
0	0	0

)

)

)	(((0	0	0
0	0	0
0	0	0

)	(0	0	0
0	0	0
0	0	0

)	(0	0	0
0	0	0
0	0	0

)
(0	0	0
0	0	0
0	0	0

)	(0	0	0
0	0	0
0	0	0

)	(0	0	0
0	0	0
0	0	0

)
(0	0	0
0	0	0
0	0	0

)	(0	0	0
0	0	0
0	0	0

)	(0	0	0
0	0	0
0	0	0

)

)	((0	0	0
0	0	0
0	0	0

)	(0	0	0
0	0	0
0	0	0

)	(0	0	0
0	0	0
0	0	0

)
(0	0	0
0	0	0
0	0	0

)	(0	0	0
0	0	0
0	0	0

)	(0	0	0
0	0	0
0	0	0

)
(0	0	0
0	0	0
0	0	0

)	(0	0	0
0	0	0
0	0	0

)	(0	0	0
0	0	0
0	0	0

)

)	((0	0	0
0	0	0
0	0	0

)	(0	0	0
0	0	0
0	0	0

)	(0	0	0
0	0	0
0	0	0

)
(0	0	0
0	0	0
0	0	0

)	(0	0	0
0	0	0
0	0	0

)	(0	0	0
0	0	0
0	0	0

)
(0	0	0
0	0	0
0	0	0

)	(0	0	0
0	0	0
0	0	0

)	(0	0	0
0	0	0
0	0	0

)

)
((0	0	0
0	0	0
0	0	0

)	(0	0	0
0	0	0
0	0	0

)	(0	0	0
0	0	0
0	0	0

)
(0	0	0
0	0	0
0	0	0

)	(0	0	0
0	0	0
0	0	0

)	(0	0	0
0	0	0
0	0	0

)
(0	0	0
0	0	0
0	0	0

)	(0	0	0
0	0	0
0	0	0

)	(0	0	0
0	0	0
0	0	0

)

)	((0	0	0
0	0	0
0	0	0

)	(0	0	0
0	0	0
0	0	0

)	(0	0	0
0	0	0
0	0	0

)
(0	0	0
0	0	0
0	0	0

)	(0	0	0
0	0	0
0	0	0

)	(0	0	0
0	0	0
0	0	0

)
(0	0	0
0	0	0
0	0	0

)	(0	0	0
0	0	0
0	0	0

)	(0	0	0
0	0	0
0	0	0

)

)	((0	0	0
0	0	0
0	0	0

)	(0	0	0
0	0	0
0	0	0

)	(0	0	0
0	0	0
0	0	0

)
(0	0	0
0	0	0
0	0	0

)	(0	0	0
0	0	0
0	0	0

)	(0	0	0
0	0	0
0	0	0

)
(0	0	0
0	0	0
0	0	0

)	(0	0	0
0	0	0
0	0	0

)	(0	0	0
0	0	0
0	0	0

)

)
((0	0	0
0	0	0
0	0	0

)	(0	0	0
0	0	0
0	0	0

)	(0	0	0
0	0	0
0	0	0

)
(0	0	0
0	0	0
0	0	0

)	(0	0	0
0	0	0
0	0	0

)	(0	0	0
0	0	0
0	0	0

)
(0	0	0
0	0	0
0	0	0

)	(0	0	0
0	0	0
0	0	0

)	(0	0	0
0	0	0
0	0	0

)

)	((0	0	0
0	0	0
0	0	0

)	(0	0	0
0	0	0
0	0	0

)	(0	0	0
0	0	0
0	0	0

)
(0	0	0
0	0	0
0	0	0

)	(0	0	0
0	0	0
0	0	0

)	(0	0	0
0	0	0
0	0	0

)
(0	0	0
0	0	0
0	0	0

)	(0	0	0
0	0	0
0	0	0

)	(0	0	0
0	0	0
0	0	0

)

)	((0	0	0
0	0	0
0	0	0

)	(0	0	0
0	0	0
0	0	0

)	(0	0	0
0	0	0
0	0	0

)
(0	0	0
0	0	0
0	0	0

)	(0	0	0
0	0	0
0	0	0

)	(0	0	0
0	0	0
0	0	0

)
(0	0	0
0	0	0
0	0	0

)	(0	0	0
0	0	0
0	0	0

)	(0	0	0
0	0	0
0	0	0

)

)

)

)
In[190]:= ConstantArray[{{{{-1,-1,-1},{-1,-1,-1},{-1,-1,-1}},{{-1,-1,-1},{-1,-1,-1},{-1,-1,-1}},{{-1,-1,-1},{-1,-1,-1},{-1,-1,-1}}},{{{-1,-1,-1},{-1,-1,-1},{-1,-1,-1}},{{-1,-1,-1},{-1,-1,-1},{-1,-1,-1}},{{-1,-1,-1},{-1,-1,-1},{-1,-1,-1}}},{{{-1,-1,-1},{-1,-1,-1},{-1,-1,-1}},{{-1,-1,-1},{-1,-1,-1},{-1,-1,-1}},{{-1,-1,-1},{-1,-1,-1},{-1,-1,-1}}}},{3,3}]
ConstantArray[{{{{-1,-1,-1},{-1,-1,-1},{-1,-1,-1}},{{-1,-1,-1},{-1,-1,-1},{-1,-1,-1}},{{-1,-1,-1},{-1,-1,-1},{-1,-1,-1}}},{{{-1,-1,-1},{-1,-1,-1},{-1,-1,-1}},{{-1,-1,-1},{-1,-1,-1},{-1,-1,-1}},{{-1,-1,-1},{-1,-1,-1},{-1,-1,-1}}},{{{-1,-1,-1},{-1,-1,-1},{-1,-1,-1}},{{-1,-1,-1},{-1,-1,-1},{-1,-1,-1}},{{-1,-1,-1},{-1,-1,-1},{-1,-1,-1}}}},{3,3}]//MatrixForm
Out[190]= {{{{{{-1,-1,-1},{-1,-1,-1},{-1,-1,-1}},{{-1,-1,-1},{-1,-1,-1},{-1,-1,-1}},{{-1,-1,-1},{-1,-1,-1},{-1,-1,-1}}},{{{-1,-1,-1},{-1,-1,-1},{-1,-1,-1}},{{-1,-1,-1},{-1,-1,-1},{-1,-1,-1}},{{-1,-1,-1},{-1,-1,-1},{-1,-1,-1}}},{{{-1,-1,-1},{-1,-1,-1},{-1,-1,-1}},{{-1,-1,-1},{-1,-1,-1},{-1,-1,-1}},{{-1,-1,-1},{-1,-1,-1},{-1,-1,-1}}}},{{{{-1,-1,-1},{-1,-1,-1},{-1,-1,-1}},{{-1,-1,-1},{-1,-1,-1},{-1,-1,-1}},{{-1,-1,-1},{-1,-1,-1},{-1,-1,-1}}},{{{-1,-1,-1},{-1,-1,-1},{-1,-1,-1}},{{-1,-1,-1},{-1,-1,-1},{-1,-1,-1}},{{-1,-1,-1},{-1,-1,-1},{-1,-1,-1}}},{{{-1,-1,-1},{-1,-1,-1},{-1,-1,-1}},{{-1,-1,-1},{-1,-1,-1},{-1,-1,-1}},{{-1,-1,-1},{-1,-1,-1},{-1,-1,-1}}}},{{{{-1,-1,-1},{-1,-1,-1},{-1,-1,-1}},{{-1,-1,-1},{-1,-1,-1},{-1,-1,-1}},{{-1,-1,-1},{-1,-1,-1},{-1,-1,-1}}},{{{-1,-1,-1},{-1,-1,-1},{-1,-1,-1}},{{-1,-1,-1},{-1,-1,-1},{-1,-1,-1}},{{-1,-1,-1},{-1,-1,-1},{-1,-1,-1}}},{{{-1,-1,-1},{-1,-1,-1},{-1,-1,-1}},{{-1,-1,-1},{-1,-1,-1},{-1,-1,-1}},{{-1,-1,-1},{-1,-1,-1},{-1,-1,-1}}}}},{{{{{-1,-1,-1},{-1,-1,-1},{-1,-1,-1}},{{-1,-1,-1},{-1,-1,-1},{-1,-1,-1}},{{-1,-1,-1},{-1,-1,-1},{-1,-1,-1}}},{{{-1,-1,-1},{-1,-1,-1},{-1,-1,-1}},{{-1,-1,-1},{-1,-1,-1},{-1,-1,-1}},{{-1,-1,-1},{-1,-1,-1},{-1,-1,-1}}},{{{-1,-1,-1},{-1,-1,-1},{-1,-1,-1}},{{-1,-1,-1},{-1,-1,-1},{-1,-1,-1}},{{-1,-1,-1},{-1,-1,-1},{-1,-1,-1}}}},{{{{-1,-1,-1},{-1,-1,-1},{-1,-1,-1}},{{-1,-1,-1},{-1,-1,-1},{-1,-1,-1}},{{-1,-1,-1},{-1,-1,-1},{-1,-1,-1}}},{{{-1,-1,-1},{-1,-1,-1},{-1,-1,-1}},{{-1,-1,-1},{-1,-1,-1},{-1,-1,-1}},{{-1,-1,-1},{-1,-1,-1},{-1,-1,-1}}},{{{-1,-1,-1},{-1,-1,-1},{-1,-1,-1}},{{-1,-1,-1},{-1,-1,-1},{-1,-1,-1}},{{-1,-1,-1},{-1,-1,-1},{-1,-1,-1}}}},{{{{-1,-1,-1},{-1,-1,-1},{-1,-1,-1}},{{-1,-1,-1},{-1,-1,-1},{-1,-1,-1}},{{-1,-1,-1},{-1,-1,-1},{-1,-1,-1}}},{{{-1,-1,-1},{-1,-1,-1},{-1,-1,-1}},{{-1,-1,-1},{-1,-1,-1},{-1,-1,-1}},{{-1,-1,-1},{-1,-1,-1},{-1,-1,-1}}},{{{-1,-1,-1},{-1,-1,-1},{-1,-1,-1}},{{-1,-1,-1},{-1,-1,-1},{-1,-1,-1}},{{-1,-1,-1},{-1,-1,-1},{-1,-1,-1}}}}},{{{{{-1,-1,-1},{-1,-1,-1},{-1,-1,-1}},{{-1,-1,-1},{-1,-1,-1},{-1,-1,-1}},{{-1,-1,-1},{-1,-1,-1},{-1,-1,-1}}},{{{-1,-1,-1},{-1,-1,-1},{-1,-1,-1}},{{-1,-1,-1},{-1,-1,-1},{-1,-1,-1}},{{-1,-1,-1},{-1,-1,-1},{-1,-1,-1}}},{{{-1,-1,-1},{-1,-1,-1},{-1,-1,-1}},{{-1,-1,-1},{-1,-1,-1},{-1,-1,-1}},{{-1,-1,-1},{-1,-1,-1},{-1,-1,-1}}}},{{{{-1,-1,-1},{-1,-1,-1},{-1,-1,-1}},{{-1,-1,-1},{-1,-1,-1},{-1,-1,-1}},{{-1,-1,-1},{-1,-1,-1},{-1,-1,-1}}},{{{-1,-1,-1},{-1,-1,-1},{-1,-1,-1}},{{-1,-1,-1},{-1,-1,-1},{-1,-1,-1}},{{-1,-1,-1},{-1,-1,-1},{-1,-1,-1}}},{{{-1,-1,-1},{-1,-1,-1},{-1,-1,-1}},{{-1,-1,-1},{-1,-1,-1},{-1,-1,-1}},{{-1,-1,-1},{-1,-1,-1},{-1,-1,-1}}}},{{{{-1,-1,-1},{-1,-1,-1},{-1,-1,-1}},{{-1,-1,-1},{-1,-1,-1},{-1,-1,-1}},{{-1,-1,-1},{-1,-1,-1},{-1,-1,-1}}},{{{-1,-1,-1},{-1,-1,-1},{-1,-1,-1}},{{-1,-1,-1},{-1,-1,-1},{-1,-1,-1}},{{-1,-1,-1},{-1,-1,-1},{-1,-1,-1}}},{{{-1,-1,-1},{-1,-1,-1},{-1,-1,-1}},{{-1,-1,-1},{-1,-1,-1},{-1,-1,-1}},{{-1,-1,-1},{-1,-1,-1},{-1,-1,-1}}}}}}
Out[191]//MatrixForm= (((-1	-1	-1
-1	-1	-1
-1	-1	-1

)	(-1	-1	-1
-1	-1	-1
-1	-1	-1

)	(-1	-1	-1
-1	-1	-1
-1	-1	-1

)
(-1	-1	-1
-1	-1	-1
-1	-1	-1

)	(-1	-1	-1
-1	-1	-1
-1	-1	-1

)	(-1	-1	-1
-1	-1	-1
-1	-1	-1

)
(-1	-1	-1
-1	-1	-1
-1	-1	-1

)	(-1	-1	-1
-1	-1	-1
-1	-1	-1

)	(-1	-1	-1
-1	-1	-1
-1	-1	-1

)

)	((-1	-1	-1
-1	-1	-1
-1	-1	-1

)	(-1	-1	-1
-1	-1	-1
-1	-1	-1

)	(-1	-1	-1
-1	-1	-1
-1	-1	-1

)
(-1	-1	-1
-1	-1	-1
-1	-1	-1

)	(-1	-1	-1
-1	-1	-1
-1	-1	-1

)	(-1	-1	-1
-1	-1	-1
-1	-1	-1

)
(-1	-1	-1
-1	-1	-1
-1	-1	-1

)	(-1	-1	-1
-1	-1	-1
-1	-1	-1

)	(-1	-1	-1
-1	-1	-1
-1	-1	-1

)

)	((-1	-1	-1
-1	-1	-1
-1	-1	-1

)	(-1	-1	-1
-1	-1	-1
-1	-1	-1

)	(-1	-1	-1
-1	-1	-1
-1	-1	-1

)
(-1	-1	-1
-1	-1	-1
-1	-1	-1

)	(-1	-1	-1
-1	-1	-1
-1	-1	-1

)	(-1	-1	-1
-1	-1	-1
-1	-1	-1

)
(-1	-1	-1
-1	-1	-1
-1	-1	-1

)	(-1	-1	-1
-1	-1	-1
-1	-1	-1

)	(-1	-1	-1
-1	-1	-1
-1	-1	-1

)

)
((-1	-1	-1
-1	-1	-1
-1	-1	-1

)	(-1	-1	-1
-1	-1	-1
-1	-1	-1

)	(-1	-1	-1
-1	-1	-1
-1	-1	-1

)
(-1	-1	-1
-1	-1	-1
-1	-1	-1

)	(-1	-1	-1
-1	-1	-1
-1	-1	-1

)	(-1	-1	-1
-1	-1	-1
-1	-1	-1

)
(-1	-1	-1
-1	-1	-1
-1	-1	-1

)	(-1	-1	-1
-1	-1	-1
-1	-1	-1

)	(-1	-1	-1
-1	-1	-1
-1	-1	-1

)

)	((-1	-1	-1
-1	-1	-1
-1	-1	-1

)	(-1	-1	-1
-1	-1	-1
-1	-1	-1

)	(-1	-1	-1
-1	-1	-1
-1	-1	-1

)
(-1	-1	-1
-1	-1	-1
-1	-1	-1

)	(-1	-1	-1
-1	-1	-1
-1	-1	-1

)	(-1	-1	-1
-1	-1	-1
-1	-1	-1

)
(-1	-1	-1
-1	-1	-1
-1	-1	-1

)	(-1	-1	-1
-1	-1	-1
-1	-1	-1

)	(-1	-1	-1
-1	-1	-1
-1	-1	-1

)

)	((-1	-1	-1
-1	-1	-1
-1	-1	-1

)	(-1	-1	-1
-1	-1	-1
-1	-1	-1

)	(-1	-1	-1
-1	-1	-1
-1	-1	-1

)
(-1	-1	-1
-1	-1	-1
-1	-1	-1

)	(-1	-1	-1
-1	-1	-1
-1	-1	-1

)	(-1	-1	-1
-1	-1	-1
-1	-1	-1

)
(-1	-1	-1
-1	-1	-1
-1	-1	-1

)	(-1	-1	-1
-1	-1	-1
-1	-1	-1

)	(-1	-1	-1
-1	-1	-1
-1	-1	-1

)

)
((-1	-1	-1
-1	-1	-1
-1	-1	-1

)	(-1	-1	-1
-1	-1	-1
-1	-1	-1

)	(-1	-1	-1
-1	-1	-1
-1	-1	-1

)
(-1	-1	-1
-1	-1	-1
-1	-1	-1

)	(-1	-1	-1
-1	-1	-1
-1	-1	-1

)	(-1	-1	-1
-1	-1	-1
-1	-1	-1

)
(-1	-1	-1
-1	-1	-1
-1	-1	-1

)	(-1	-1	-1
-1	-1	-1
-1	-1	-1

)	(-1	-1	-1
-1	-1	-1
-1	-1	-1

)

)	((-1	-1	-1
-1	-1	-1
-1	-1	-1

)	(-1	-1	-1
-1	-1	-1
-1	-1	-1

)	(-1	-1	-1
-1	-1	-1
-1	-1	-1

)
(-1	-1	-1
-1	-1	-1
-1	-1	-1

)	(-1	-1	-1
-1	-1	-1
-1	-1	-1

)	(-1	-1	-1
-1	-1	-1
-1	-1	-1

)
(-1	-1	-1
-1	-1	-1
-1	-1	-1

)	(-1	-1	-1
-1	-1	-1
-1	-1	-1

)	(-1	-1	-1
-1	-1	-1
-1	-1	-1

)

)	((-1	-1	-1
-1	-1	-1
-1	-1	-1

)	(-1	-1	-1
-1	-1	-1
-1	-1	-1

)	(-1	-1	-1
-1	-1	-1
-1	-1	-1

)
(-1	-1	-1
-1	-1	-1
-1	-1	-1

)	(-1	-1	-1
-1	-1	-1
-1	-1	-1

)	(-1	-1	-1
-1	-1	-1
-1	-1	-1

)
(-1	-1	-1
-1	-1	-1
-1	-1	-1

)	(-1	-1	-1
-1	-1	-1
-1	-1	-1

)	(-1	-1	-1
-1	-1	-1
-1	-1	-1

)

)

)
In[192]:= ConstantArray[{{{{{{-1,-1,-1},{-1,-1,-1},{-1,-1,-1}},{{-1,-1,-1},{-1,-1,-1},{-1,-1,-1}},{{-1,-1,-1},{-1,-1,-1},{-1,-1,-1}}},{{{-1,-1,-1},{-1,-1,-1},{-1,-1,-1}},{{-1,-1,-1},{-1,-1,-1},{-1,-1,-1}},{{-1,-1,-1},{-1,-1,-1},{-1,-1,-1}}},{{{-1,-1,-1},{-1,-1,-1},{-1,-1,-1}},{{-1,-1,-1},{-1,-1,-1},{-1,-1,-1}},{{-1,-1,-1},{-1,-1,-1},{-1,-1,-1}}}},{{{{-1,-1,-1},{-1,-1,-1},{-1,-1,-1}},{{-1,-1,-1},{-1,-1,-1},{-1,-1,-1}},{{-1,-1,-1},{-1,-1,-1},{-1,-1,-1}}},{{{-1,-1,-1},{-1,-1,-1},{-1,-1,-1}},{{-1,-1,-1},{-1,-1,-1},{-1,-1,-1}},{{-1,-1,-1},{-1,-1,-1},{-1,-1,-1}}},{{{-1,-1,-1},{-1,-1,-1},{-1,-1,-1}},{{-1,-1,-1},{-1,-1,-1},{-1,-1,-1}},{{-1,-1,-1},{-1,-1,-1},{-1,-1,-1}}}},{{{{-1,-1,-1},{-1,-1,-1},{-1,-1,-1}},{{-1,-1,-1},{-1,-1,-1},{-1,-1,-1}},{{-1,-1,-1},{-1,-1,-1},{-1,-1,-1}}},{{{-1,-1,-1},{-1,-1,-1},{-1,-1,-1}},{{-1,-1,-1},{-1,-1,-1},{-1,-1,-1}},{{-1,-1,-1},{-1,-1,-1},{-1,-1,-1}}},{{{-1,-1,-1},{-1,-1,-1},{-1,-1,-1}},{{-1,-1,-1},{-1,-1,-1},{-1,-1,-1}},{{-1,-1,-1},{-1,-1,-1},{-1,-1,-1}}}}},{{{{{-1,-1,-1},{-1,-1,-1},{-1,-1,-1}},{{-1,-1,-1},{-1,-1,-1},{-1,-1,-1}},{{-1,-1,-1},{-1,-1,-1},{-1,-1,-1}}},{{{-1,-1,-1},{-1,-1,-1},{-1,-1,-1}},{{-1,-1,-1},{-1,-1,-1},{-1,-1,-1}},{{-1,-1,-1},{-1,-1,-1},{-1,-1,-1}}},{{{-1,-1,-1},{-1,-1,-1},{-1,-1,-1}},{{-1,-1,-1},{-1,-1,-1},{-1,-1,-1}},{{-1,-1,-1},{-1,-1,-1},{-1,-1,-1}}}},{{{{-1,-1,-1},{-1,-1,-1},{-1,-1,-1}},{{-1,-1,-1},{-1,-1,-1},{-1,-1,-1}},{{-1,-1,-1},{-1,-1,-1},{-1,-1,-1}}},{{{-1,-1,-1},{-1,-1,-1},{-1,-1,-1}},{{-1,-1,-1},{-1,-1,-1},{-1,-1,-1}},{{-1,-1,-1},{-1,-1,-1},{-1,-1,-1}}},{{{-1,-1,-1},{-1,-1,-1},{-1,-1,-1}},{{-1,-1,-1},{-1,-1,-1},{-1,-1,-1}},{{-1,-1,-1},{-1,-1,-1},{-1,-1,-1}}}},{{{{-1,-1,-1},{-1,-1,-1},{-1,-1,-1}},{{-1,-1,-1},{-1,-1,-1},{-1,-1,-1}},{{-1,-1,-1},{-1,-1,-1},{-1,-1,-1}}},{{{-1,-1,-1},{-1,-1,-1},{-1,-1,-1}},{{-1,-1,-1},{-1,-1,-1},{-1,-1,-1}},{{-1,-1,-1},{-1,-1,-1},{-1,-1,-1}}},{{{-1,-1,-1},{-1,-1,-1},{-1,-1,-1}},{{-1,-1,-1},{-1,-1,-1},{-1,-1,-1}},{{-1,-1,-1},{-1,-1,-1},{-1,-1,-1}}}}},{{{{{-1,-1,-1},{-1,-1,-1},{-1,-1,-1}},{{-1,-1,-1},{-1,-1,-1},{-1,-1,-1}},{{-1,-1,-1},{-1,-1,-1},{-1,-1,-1}}},{{{-1,-1,-1},{-1,-1,-1},{-1,-1,-1}},{{-1,-1,-1},{-1,-1,-1},{-1,-1,-1}},{{-1,-1,-1},{-1,-1,-1},{-1,-1,-1}}},{{{-1,-1,-1},{-1,-1,-1},{-1,-1,-1}},{{-1,-1,-1},{-1,-1,-1},{-1,-1,-1}},{{-1,-1,-1},{-1,-1,-1},{-1,-1,-1}}}},{{{{-1,-1,-1},{-1,-1,-1},{-1,-1,-1}},{{-1,-1,-1},{-1,-1,-1},{-1,-1,-1}},{{-1,-1,-1},{-1,-1,-1},{-1,-1,-1}}},{{{-1,-1,-1},{-1,-1,-1},{-1,-1,-1}},{{-1,-1,-1},{-1,-1,-1},{-1,-1,-1}},{{-1,-1,-1},{-1,-1,-1},{-1,-1,-1}}},{{{-1,-1,-1},{-1,-1,-1},{-1,-1,-1}},{{-1,-1,-1},{-1,-1,-1},{-1,-1,-1}},{{-1,-1,-1},{-1,-1,-1},{-1,-1,-1}}}},{{{{-1,-1,-1},{-1,-1,-1},{-1,-1,-1}},{{-1,-1,-1},{-1,-1,-1},{-1,-1,-1}},{{-1,-1,-1},{-1,-1,-1},{-1,-1,-1}}},{{{-1,-1,-1},{-1,-1,-1},{-1,-1,-1}},{{-1,-1,-1},{-1,-1,-1},{-1,-1,-1}},{{-1,-1,-1},{-1,-1,-1},{-1,-1,-1}}},{{{-1,-1,-1},{-1,-1,-1},{-1,-1,-1}},{{-1,-1,-1},{-1,-1,-1},{-1,-1,-1}},{{-1,-1,-1},{-1,-1,-1},{-1,-1,-1}}}}}},{3,3}]
ConstantArray[{{{{{{-1,-1,-1},{-1,-1,-1},{-1,-1,-1}},{{-1,-1,-1},{-1,-1,-1},{-1,-1,-1}},{{-1,-1,-1},{-1,-1,-1},{-1,-1,-1}}},{{{-1,-1,-1},{-1,-1,-1},{-1,-1,-1}},{{-1,-1,-1},{-1,-1,-1},{-1,-1,-1}},{{-1,-1,-1},{-1,-1,-1},{-1,-1,-1}}},{{{-1,-1,-1},{-1,-1,-1},{-1,-1,-1}},{{-1,-1,-1},{-1,-1,-1},{-1,-1,-1}},{{-1,-1,-1},{-1,-1,-1},{-1,-1,-1}}}},{{{{-1,-1,-1},{-1,-1,-1},{-1,-1,-1}},{{-1,-1,-1},{-1,-1,-1},{-1,-1,-1}},{{-1,-1,-1},{-1,-1,-1},{-1,-1,-1}}},{{{-1,-1,-1},{-1,-1,-1},{-1,-1,-1}},{{-1,-1,-1},{-1,-1,-1},{-1,-1,-1}},{{-1,-1,-1},{-1,-1,-1},{-1,-1,-1}}},{{{-1,-1,-1},{-1,-1,-1},{-1,-1,-1}},{{-1,-1,-1},{-1,-1,-1},{-1,-1,-1}},{{-1,-1,-1},{-1,-1,-1},{-1,-1,-1}}}},{{{{-1,-1,-1},{-1,-1,-1},{-1,-1,-1}},{{-1,-1,-1},{-1,-1,-1},{-1,-1,-1}},{{-1,-1,-1},{-1,-1,-1},{-1,-1,-1}}},{{{-1,-1,-1},{-1,-1,-1},{-1,-1,-1}},{{-1,-1,-1},{-1,-1,-1},{-1,-1,-1}},{{-1,-1,-1},{-1,-1,-1},{-1,-1,-1}}},{{{-1,-1,-1},{-1,-1,-1},{-1,-1,-1}},{{-1,-1,-1},{-1,-1,-1},{-1,-1,-1}},{{-1,-1,-1},{-1,-1,-1},{-1,-1,-1}}}}},{{{{{-1,-1,-1},{-1,-1,-1},{-1,-1,-1}},{{-1,-1,-1},{-1,-1,-1},{-1,-1,-1}},{{-1,-1,-1},{-1,-1,-1},{-1,-1,-1}}},{{{-1,-1,-1},{-1,-1,-1},{-1,-1,-1}},{{-1,-1,-1},{-1,-1,-1},{-1,-1,-1}},{{-1,-1,-1},{-1,-1,-1},{-1,-1,-1}}},{{{-1,-1,-1},{-1,-1,-1},{-1,-1,-1}},{{-1,-1,-1},{-1,-1,-1},{-1,-1,-1}},{{-1,-1,-1},{-1,-1,-1},{-1,-1,-1}}}},{{{{-1,-1,-1},{-1,-1,-1},{-1,-1,-1}},{{-1,-1,-1},{-1,-1,-1},{-1,-1,-1}},{{-1,-1,-1},{-1,-1,-1},{-1,-1,-1}}},{{{-1,-1,-1},{-1,-1,-1},{-1,-1,-1}},{{-1,-1,-1},{-1,-1,-1},{-1,-1,-1}},{{-1,-1,-1},{-1,-1,-1},{-1,-1,-1}}},{{{-1,-1,-1},{-1,-1,-1},{-1,-1,-1}},{{-1,-1,-1},{-1,-1,-1},{-1,-1,-1}},{{-1,-1,-1},{-1,-1,-1},{-1,-1,-1}}}},{{{{-1,-1,-1},{-1,-1,-1},{-1,-1,-1}},{{-1,-1,-1},{-1,-1,-1},{-1,-1,-1}},{{-1,-1,-1},{-1,-1,-1},{-1,-1,-1}}},{{{-1,-1,-1},{-1,-1,-1},{-1,-1,-1}},{{-1,-1,-1},{-1,-1,-1},{-1,-1,-1}},{{-1,-1,-1},{-1,-1,-1},{-1,-1,-1}}},{{{-1,-1,-1},{-1,-1,-1},{-1,-1,-1}},{{-1,-1,-1},{-1,-1,-1},{-1,-1,-1}},{{-1,-1,-1},{-1,-1,-1},{-1,-1,-1}}}}},{{{{{-1,-1,-1},{-1,-1,-1},{-1,-1,-1}},{{-1,-1,-1},{-1,-1,-1},{-1,-1,-1}},{{-1,-1,-1},{-1,-1,-1},{-1,-1,-1}}},{{{-1,-1,-1},{-1,-1,-1},{-1,-1,-1}},{{-1,-1,-1},{-1,-1,-1},{-1,-1,-1}},{{-1,-1,-1},{-1,-1,-1},{-1,-1,-1}}},{{{-1,-1,-1},{-1,-1,-1},{-1,-1,-1}},{{-1,-1,-1},{-1,-1,-1},{-1,-1,-1}},{{-1,-1,-1},{-1,-1,-1},{-1,-1,-1}}}},{{{{-1,-1,-1},{-1,-1,-1},{-1,-1,-1}},{{-1,-1,-1},{-1,-1,-1},{-1,-1,-1}},{{-1,-1,-1},{-1,-1,-1},{-1,-1,-1}}},{{{-1,-1,-1},{-1,-1,-1},{-1,-1,-1}},{{-1,-1,-1},{-1,-1,-1},{-1,-1,-1}},{{-1,-1,-1},{-1,-1,-1},{-1,-1,-1}}},{{{-1,-1,-1},{-1,-1,-1},{-1,-1,-1}},{{-1,-1,-1},{-1,-1,-1},{-1,-1,-1}},{{-1,-1,-1},{-1,-1,-1},{-1,-1,-1}}}},{{{{-1,-1,-1},{-1,-1,-1},{-1,-1,-1}},{{-1,-1,-1},{-1,-1,-1},{-1,-1,-1}},{{-1,-1,-1},{-1,-1,-1},{-1,-1,-1}}},{{{-1,-1,-1},{-1,-1,-1},{-1,-1,-1}},{{-1,-1,-1},{-1,-1,-1},{-1,-1,-1}},{{-1,-1,-1},{-1,-1,-1},{-1,-1,-1}}},{{{-1,-1,-1},{-1,-1,-1},{-1,-1,-1}},{{-1,-1,-1},{-1,-1,-1},{-1,-1,-1}},{{-1,-1,-1},{-1,-1,-1},{-1,-1,-1}}}}}},{3,3}]//MatrixForm
Out[192]= { \[CenterEllipsis]1\[CenterEllipsis] }
large output	show less	show more	show all	set size limit...


Out[193]//MatrixForm= ((((-1	-1	-1
-1	-1	-1
-1	-1	-1

)	(-1	-1	-1
-1	-1	-1
-1	-1	-1

)	(-1	-1	-1
-1	-1	-1
-1	-1	-1

)
(-1	-1	-1
-1	-1	-1
-1	-1	-1

)	(-1	-1	-1
-1	-1	-1
-1	-1	-1

)	(-1	-1	-1
-1	-1	-1
-1	-1	-1

)
(-1	-1	-1
-1	-1	-1
-1	-1	-1

)	(-1	-1	-1
-1	-1	-1
-1	-1	-1

)	(-1	-1	-1
-1	-1	-1
-1	-1	-1

)

)	((-1	-1	-1
-1	-1	-1
-1	-1	-1

)	(-1	-1	-1
-1	-1	-1
-1	-1	-1

)	(-1	-1	-1
-1	-1	-1
-1	-1	-1

)
(-1	-1	-1
-1	-1	-1
-1	-1	-1

)	(-1	-1	-1
-1	-1	-1
-1	-1	-1

)	(-1	-1	-1
-1	-1	-1
-1	-1	-1

)
(-1	-1	-1
-1	-1	-1
-1	-1	-1

)	(-1	-1	-1
-1	-1	-1
-1	-1	-1

)	(-1	-1	-1
-1	-1	-1
-1	-1	-1

)

)	((-1	-1	-1
-1	-1	-1
-1	-1	-1

)	(-1	-1	-1
-1	-1	-1
-1	-1	-1

)	(-1	-1	-1
-1	-1	-1
-1	-1	-1

)
(-1	-1	-1
-1	-1	-1
-1	-1	-1

)	(-1	-1	-1
-1	-1	-1
-1	-1	-1

)	(-1	-1	-1
-1	-1	-1
-1	-1	-1

)
(-1	-1	-1
-1	-1	-1
-1	-1	-1

)	(-1	-1	-1
-1	-1	-1
-1	-1	-1

)	(-1	-1	-1
-1	-1	-1
-1	-1	-1

)

)
((-1	-1	-1
-1	-1	-1
-1	-1	-1

)	(-1	-1	-1
-1	-1	-1
-1	-1	-1

)	(-1	-1	-1
-1	-1	-1
-1	-1	-1

)
(-1	-1	-1
-1	-1	-1
-1	-1	-1

)	(-1	-1	-1
-1	-1	-1
-1	-1	-1

)	(-1	-1	-1
-1	-1	-1
-1	-1	-1

)
(-1	-1	-1
-1	-1	-1
-1	-1	-1

)	(-1	-1	-1
-1	-1	-1
-1	-1	-1

)	(-1	-1	-1
-1	-1	-1
-1	-1	-1

)

)	((-1	-1	-1
-1	-1	-1
-1	-1	-1

)	(-1	-1	-1
-1	-1	-1
-1	-1	-1

)	(-1	-1	-1
-1	-1	-1
-1	-1	-1

)
(-1	-1	-1
-1	-1	-1
-1	-1	-1

)	(-1	-1	-1
-1	-1	-1
-1	-1	-1

)	(-1	-1	-1
-1	-1	-1
-1	-1	-1

)
(-1	-1	-1
-1	-1	-1
-1	-1	-1

)	(-1	-1	-1
-1	-1	-1
-1	-1	-1

)	(-1	-1	-1
-1	-1	-1
-1	-1	-1

)

)	((-1	-1	-1
-1	-1	-1
-1	-1	-1

)	(-1	-1	-1
-1	-1	-1
-1	-1	-1

)	(-1	-1	-1
-1	-1	-1
-1	-1	-1

)
(-1	-1	-1
-1	-1	-1
-1	-1	-1

)	(-1	-1	-1
-1	-1	-1
-1	-1	-1

)	(-1	-1	-1
-1	-1	-1
-1	-1	-1

)
(-1	-1	-1
-1	-1	-1
-1	-1	-1

)	(-1	-1	-1
-1	-1	-1
-1	-1	-1

)	(-1	-1	-1
-1	-1	-1
-1	-1	-1

)

)
((-1	-1	-1
-1	-1	-1
-1	-1	-1

)	(-1	-1	-1
-1	-1	-1
-1	-1	-1

)	(-1	-1	-1
-1	-1	-1
-1	-1	-1

)
(-1	-1	-1
-1	-1	-1
-1	-1	-1

)	(-1	-1	-1
-1	-1	-1
-1	-1	-1

)	(-1	-1	-1
-1	-1	-1
-1	-1	-1

)
(-1	-1	-1
-1	-1	-1
-1	-1	-1

)	(-1	-1	-1
-1	-1	-1
-1	-1	-1

)	(-1	-1	-1
-1	-1	-1
-1	-1	-1

)

)	((-1	-1	-1
-1	-1	-1
-1	-1	-1

)	(-1	-1	-1
-1	-1	-1
-1	-1	-1

)	(-1	-1	-1
-1	-1	-1
-1	-1	-1

)
(-1	-1	-1
-1	-1	-1
-1	-1	-1

)	(-1	-1	-1
-1	-1	-1
-1	-1	-1

)	(-1	-1	-1
-1	-1	-1
-1	-1	-1

)
(-1	-1	-1
-1	-1	-1
-1	-1	-1

)	(-1	-1	-1
-1	-1	-1
-1	-1	-1

)	(-1	-1	-1
-1	-1	-1
-1	-1	-1

)

)	((-1	-1	-1
-1	-1	-1
-1	-1	-1

)	(-1	-1	-1
-1	-1	-1
-1	-1	-1

)	(-1	-1	-1
-1	-1	-1
-1	-1	-1

)
(-1	-1	-1
-1	-1	-1
-1	-1	-1

)	(-1	-1	-1
-1	-1	-1
-1	-1	-1

)	(-1	-1	-1
-1	-1	-1
-1	-1	-1

)
(-1	-1	-1
-1	-1	-1
-1	-1	-1

)	(-1	-1	-1
-1	-1	-1
-1	-1	-1

)	(-1	-1	-1
-1	-1	-1
-1	-1	-1

)

)

)	(((-1	-1	-1
-1	-1	-1
-1	-1	-1

)	(-1	-1	-1
-1	-1	-1
-1	-1	-1

)	(-1	-1	-1
-1	-1	-1
-1	-1	-1

)
(-1	-1	-1
-1	-1	-1
-1	-1	-1

)	(-1	-1	-1
-1	-1	-1
-1	-1	-1

)	(-1	-1	-1
-1	-1	-1
-1	-1	-1

)
(-1	-1	-1
-1	-1	-1
-1	-1	-1

)	(-1	-1	-1
-1	-1	-1
-1	-1	-1

)	(-1	-1	-1
-1	-1	-1
-1	-1	-1

)

)	((-1	-1	-1
-1	-1	-1
-1	-1	-1

)	(-1	-1	-1
-1	-1	-1
-1	-1	-1

)	(-1	-1	-1
-1	-1	-1
-1	-1	-1

)
(-1	-1	-1
-1	-1	-1
-1	-1	-1

)	(-1	-1	-1
-1	-1	-1
-1	-1	-1

)	(-1	-1	-1
-1	-1	-1
-1	-1	-1

)
(-1	-1	-1
-1	-1	-1
-1	-1	-1

)	(-1	-1	-1
-1	-1	-1
-1	-1	-1

)	(-1	-1	-1
-1	-1	-1
-1	-1	-1

)

)	((-1	-1	-1
-1	-1	-1
-1	-1	-1

)	(-1	-1	-1
-1	-1	-1
-1	-1	-1

)	(-1	-1	-1
-1	-1	-1
-1	-1	-1

)
(-1	-1	-1
-1	-1	-1
-1	-1	-1

)	(-1	-1	-1
-1	-1	-1
-1	-1	-1

)	(-1	-1	-1
-1	-1	-1
-1	-1	-1

)
(-1	-1	-1
-1	-1	-1
-1	-1	-1

)	(-1	-1	-1
-1	-1	-1
-1	-1	-1

)	(-1	-1	-1
-1	-1	-1
-1	-1	-1

)

)
((-1	-1	-1
-1	-1	-1
-1	-1	-1

)	(-1	-1	-1
-1	-1	-1
-1	-1	-1

)	(-1	-1	-1
-1	-1	-1
-1	-1	-1

)
(-1	-1	-1
-1	-1	-1
-1	-1	-1

)	(-1	-1	-1
-1	-1	-1
-1	-1	-1

)	(-1	-1	-1
-1	-1	-1
-1	-1	-1

)
(-1	-1	-1
-1	-1	-1
-1	-1	-1

)	(-1	-1	-1
-1	-1	-1
-1	-1	-1

)	(-1	-1	-1
-1	-1	-1
-1	-1	-1

)

)	((-1	-1	-1
-1	-1	-1
-1	-1	-1

)	(-1	-1	-1
-1	-1	-1
-1	-1	-1

)	(-1	-1	-1
-1	-1	-1
-1	-1	-1

)
(-1	-1	-1
-1	-1	-1
-1	-1	-1

)	(-1	-1	-1
-1	-1	-1
-1	-1	-1

)	(-1	-1	-1
-1	-1	-1
-1	-1	-1

)
(-1	-1	-1
-1	-1	-1
-1	-1	-1

)	(-1	-1	-1
-1	-1	-1
-1	-1	-1

)	(-1	-1	-1
-1	-1	-1
-1	-1	-1

)

)	((-1	-1	-1
-1	-1	-1
-1	-1	-1

)	(-1	-1	-1
-1	-1	-1
-1	-1	-1

)	(-1	-1	-1
-1	-1	-1
-1	-1	-1

)
(-1	-1	-1
-1	-1	-1
-1	-1	-1

)	(-1	-1	-1
-1	-1	-1
-1	-1	-1

)	(-1	-1	-1
-1	-1	-1
-1	-1	-1

)
(-1	-1	-1
-1	-1	-1
-1	-1	-1

)	(-1	-1	-1
-1	-1	-1
-1	-1	-1

)	(-1	-1	-1
-1	-1	-1
-1	-1	-1

)

)
((-1	-1	-1
-1	-1	-1
-1	-1	-1

)	(-1	-1	-1
-1	-1	-1
-1	-1	-1

)	(-1	-1	-1
-1	-1	-1
-1	-1	-1

)
(-1	-1	-1
-1	-1	-1
-1	-1	-1

)	(-1	-1	-1
-1	-1	-1
-1	-1	-1

)	(-1	-1	-1
-1	-1	-1
-1	-1	-1

)
(-1	-1	-1
-1	-1	-1
-1	-1	-1

)	(-1	-1	-1
-1	-1	-1
-1	-1	-1

)	(-1	-1	-1
-1	-1	-1
-1	-1	-1

)

)	((-1	-1	-1
-1	-1	-1
-1	-1	-1

)	(-1	-1	-1
-1	-1	-1
-1	-1	-1

)	(-1	-1	-1
-1	-1	-1
-1	-1	-1

)
(-1	-1	-1
-1	-1	-1
-1	-1	-1

)	(-1	-1	-1
-1	-1	-1
-1	-1	-1

)	(-1	-1	-1
-1	-1	-1
-1	-1	-1

)
(-1	-1	-1
-1	-1	-1
-1	-1	-1

)	(-1	-1	-1
-1	-1	-1
-1	-1	-1

)	(-1	-1	-1
-1	-1	-1
-1	-1	-1

)

)	((-1	-1	-1
-1	-1	-1
-1	-1	-1

)	(-1	-1	-1
-1	-1	-1
-1	-1	-1

)	(-1	-1	-1
-1	-1	-1
-1	-1	-1

)
(-1	-1	-1
-1	-1	-1
-1	-1	-1

)	(-1	-1	-1
-1	-1	-1
-1	-1	-1

)	(-1	-1	-1
-1	-1	-1
-1	-1	-1

)
(-1	-1	-1
-1	-1	-1
-1	-1	-1

)	(-1	-1	-1
-1	-1	-1
-1	-1	-1

)	( \[CenterEllipsis]1\[CenterEllipsis] )

)

)	(((-1	-1	-1
-1	-1	-1
-1	-1	-1

)	(-1	-1	-1
-1	-1	-1
-1	-1	-1

)	(-1	-1	-1
-1	-1	-1
-1	-1	-1

)
(-1	-1	-1
-1	-1	-1
-1	-1	-1

)	(-1	-1	-1
-1	-1	-1
-1	-1	-1

)	(-1	-1	-1
-1	-1	-1
-1	-1	-1

)
(-1	-1	-1
-1	-1	-1
-1	-1	-1

)	(-1	-1	-1
-1	-1	-1
-1	-1	-1

)	(-1	-1	-1
-1	-1	-1
-1	-1	-1

)

)	((-1	-1	-1
-1	-1	-1
-1	-1	-1

)	(-1	-1	-1
-1	-1	-1
-1	-1	-1

)	(-1	-1	-1
-1	-1	-1
-1	-1	-1

)
(-1	-1	-1
-1	-1	-1
-1	-1	-1

)	(-1	-1	-1
-1	-1	-1
-1	-1	-1

)	(-1	-1	-1
-1	-1	-1
-1	-1	-1

)
(-1	-1	-1
-1	-1	-1
-1	-1	-1

)	(-1	-1	-1
-1	-1	-1
-1	-1	-1

)	(-1	-1	-1
-1	-1	-1
-1	-1	-1

)

)	((-1	-1	-1
-1	-1	-1
-1	-1	-1

)	(-1	-1	-1
-1	-1	-1
-1	-1	-1

)	(-1	-1	-1
-1	-1	-1
-1	-1	-1

)
(-1	-1	-1
-1	-1	-1
-1	-1	-1

)	(-1	-1	-1
-1	-1	-1
-1	-1	-1

)	(-1	-1	-1
-1	-1	-1
-1	-1	-1

)
(-1	-1	-1
-1	-1	-1
-1	-1	-1

)	(-1	-1	-1
-1	-1	-1
-1	-1	-1

)	(-1	-1	-1
-1	-1	-1
-1	-1	-1

)

)
((-1	-1	-1
-1	-1	-1
-1	-1	-1

)	(-1	-1	-1
-1	-1	-1
-1	-1	-1

)	(-1	-1	-1
-1	-1	-1
-1	-1	-1

)
(-1	-1	-1
-1	-1	-1
-1	-1	-1

)	(-1	-1	-1
-1	-1	-1
-1	-1	-1

)	(-1	-1	-1
-1	-1	-1
-1	-1	-1

)
(-1	-1	-1
-1	-1	-1
-1	-1	-1

)	(-1	-1	-1
-1	-1	-1
-1	-1	-1

)	(-1	-1	-1
-1	-1	-1
-1	-1	-1

)

)	((-1	-1	-1
-1	-1	-1
-1	-1	-1

)	(-1	-1	-1
-1	-1	-1
-1	-1	-1

)	(-1	-1	-1
-1	-1	-1
-1	-1	-1

)
(-1	-1	-1
-1	-1	-1
-1	-1	-1

)	(-1	-1	-1
-1	-1	-1
-1	-1	-1

)	(-1	-1	-1
-1	-1	-1
-1	-1	-1

)
(-1	-1	-1
-1	-1	-1
-1	-1	-1

)	(-1	-1	-1
-1	-1	-1
-1	-1	-1

)	(-1	-1	-1
-1	-1	-1
-1	-1	-1

)

)	((-1	-1	-1
-1	-1	-1
-1	-1	-1

)	(-1	-1	-1
-1	-1	-1
-1	-1	-1

)	(-1	-1	-1
-1	-1	-1
-1	-1	-1

)
(-1	-1	-1
-1	-1	-1
-1	-1	-1

)	(-1	-1	-1
-1	-1	-1
-1	-1	-1

)	(-1	-1	-1
-1	-1	-1
-1	-1	-1

)
(-1	-1	-1
-1	-1	-1
-1	-1	-1

)	(-1	-1	-1
-1	-1	-1
-1	-1	-1

)	(-1	-1	-1
-1	-1	-1
-1	-1	-1

)

)
((-1	-1	-1
-1	-1	-1
-1	-1	-1

)	(-1	-1	-1
-1	-1	-1
-1	-1	-1

)	(-1	-1	-1
-1	-1	-1
-1	-1	-1

)
(-1	-1	-1
-1	-1	-1
-1	-1	-1

)	(-1	-1	-1
-1	-1	-1
-1	-1	-1

)	(-1	-1	-1
-1	-1	-1
-1	-1	-1

)
(-1	-1	-1
-1	-1	-1
-1	-1	-1

)	(-1	-1	-1
-1	-1	-1
-1	-1	 \[CenterEllipsis]1\[CenterEllipsis] 

)	( \[CenterEllipsis]1\[CenterEllipsis] )

)	( \[CenterEllipsis]1\[CenterEllipsis] )	( \[CenterEllipsis]1\[CenterEllipsis] )

)
(((-1	-1	-1
-1	-1	-1
-1	-1	-1

)	(-1	-1	-1
-1	-1	-1
-1	-1	-1

)	(-1	-1	-1
-1	-1	-1
-1	-1	-1

)
(-1	-1	-1
-1	-1	-1
-1	-1	-1

)	(-1	-1	-1
-1	-1	-1
-1	-1	-1

)	(-1	-1	-1
-1	-1	-1
-1	-1	-1

)
(-1	-1	-1
-1	-1	-1
-1	-1	-1

)	(-1	-1	-1
-1	-1	-1
-1	-1	-1

)	(-1	-1	-1
-1	-1	-1
-1	-1	-1

)

)	((-1	-1	-1
-1	-1	-1
-1	-1	-1

)	(-1	-1	-1
-1	-1	-1
-1	-1	-1

)	(-1	-1	-1
-1	-1	-1
-1	-1	-1

)
(-1	-1	-1
-1	-1	-1
-1	-1	-1

)	(-1	-1	-1
-1	-1	-1
-1	-1	-1

)	(-1	-1	-1
-1	-1	-1
-1	-1	-1

)
(-1	-1	-1
-1	-1	-1
-1	-1	-1

)	(-1	-1	-1
-1	-1	-1
-1	-1	-1

)	(-1	-1	-1
-1	-1	-1
-1	-1	-1

)

)	((-1	-1	-1
-1	-1	-1
-1	-1	-1

)	(-1	-1	-1
-1	-1	-1
-1	-1	-1

)	(-1	-1	-1
-1	-1	-1
-1	-1	-1

)
(-1	-1	-1
-1	-1	-1
-1	-1	-1

)	(-1	-1	-1
-1	-1	-1
-1	-1	-1

)	(-1	-1	-1
-1	-1	-1
-1	-1	-1

)
(-1	-1	-1
-1	-1	-1
-1	-1	-1

)	(-1	-1	-1
-1	-1	-1
-1	-1	-1

)	(-1	-1	-1
-1	-1	-1
-1	-1	-1

)

)
((-1	-1	-1
-1	-1	-1
-1	-1	-1

)	(-1	-1	-1
-1	-1	-1
-1	-1	-1

)	(-1	-1	-1
-1	-1	-1
-1	-1	-1

)
(-1	-1	-1
-1	-1	-1
-1	-1	-1

)	(-1	-1	-1
-1	-1	-1
-1	-1	-1

)	(-1	-1	-1
-1	-1	-1
-1	-1	-1

)
(-1	-1	-1
-1	-1	-1
-1	-1	-1

)	(-1	-1	-1
-1	-1	-1
-1	-1	-1

)	(-1	-1	-1
-1	-1	-1
-1	-1	-1

)

)	((-1	-1	-1
-1	-1	-1
-1	-1	-1

)	(-1	-1	-1
-1	-1	-1
-1	-1	-1

)	(-1	-1	-1
-1	-1	-1
-1	-1	-1

)
(-1	-1	-1
-1	-1	-1
-1	-1	-1

)	(-1	-1	-1
-1	-1	-1
-1	-1	-1

)	(-1	-1	-1
-1	-1	-1
-1	-1	-1

)
(-1	-1	-1
-1	-1	-1
-1	-1	-1

)	(-1	-1	-1
-1	-1	-1
-1	-1	 \[CenterEllipsis]1\[CenterEllipsis]  \[CenterEllipsis]1\[CenterEllipsis] 

)	 \[CenterEllipsis]1\[CenterEllipsis] 

)	( \[CenterEllipsis]1\[CenterEllipsis] )
( \[CenterEllipsis]1\[CenterEllipsis] )	( \[CenterEllipsis]1\[CenterEllipsis] )	( \[CenterEllipsis]1\[CenterEllipsis] )

)	( \[CenterEllipsis]1\[CenterEllipsis] )	( \[CenterEllipsis]1\[CenterEllipsis] )
( \[CenterEllipsis]1\[CenterEllipsis] )	( \[CenterEllipsis]1\[CenterEllipsis] )	( \[CenterEllipsis]1\[CenterEllipsis] )

)
large output	show less	show more	show all	set size limit...


In[194]:= naxtrixDiagNum=2
{
twotwo[naxtrixDiagNum,1]={{I,0},{0,I}},
twotwo[naxtrixDiagNum,2]=twotwo[naxtrixDiagNum,1]//MatrixForm,
twotwo[naxtrixDiagNum,3]=Tr[twotwo[naxtrixDiagNum,1]],
twotwo[naxtrixDiagNum,4]=Eigenvalues[twotwo[naxtrixDiagNum,1]],
twotwo[naxtrixDiagNum,5]=Det[twotwo[naxtrixDiagNum,1]],

Transpose[twotwo[naxtrixDiagNum,1]],
ConjugateTranspose[twotwo[naxtrixDiagNum,1]],
Conjugate[twotwo[naxtrixDiagNum,1]],
Inverse[twotwo[naxtrixDiagNum,1]],


AntihermitianMatrixQ[twotwo[naxtrixDiagNum,1]],
SymmetricMatrixQ[twotwo[naxtrixDiagNum,1]],
HermitianMatrixQ[twotwo[naxtrixDiagNum,1]],
AntisymmetricMatrixQ[twotwo[naxtrixDiagNum,1]],
PositiveSemidefiniteMatrixQ[twotwo[naxtrixDiagNum,1]],
PositiveDefiniteMatrixQ[twotwo[naxtrixDiagNum,1]],
NegativeDefiniteMatrixQ[twotwo[naxtrixDiagNum,1]],
NegativeSemidefiniteMatrixQ[twotwo[naxtrixDiagNum,1]],

twotwo[naxtrixDiagNum,1]. nullNotnullPair



}

Out[194]= 2
Out[195]= {{{I,0},{0,I}},(I	0
0	I

),2 I,{I,I},-1,{{I,0},{0,I}},{{-I,0},{0,-I}},{{-I,0},{0,-I}},{{-I,0},{0,-I}},True,True,False,False,True,False,False,True,{{0},{1}}}
In[196]:= naxtrixDiagNum=3
{
twotwo[naxtrixDiagNum,1]={{1,0},{0,1}},
twotwo[naxtrixDiagNum,2]=twotwo[naxtrixDiagNum,1]//MatrixForm,
twotwo[naxtrixDiagNum,3]=Tr[twotwo[naxtrixDiagNum,1]],
twotwo[naxtrixDiagNum,4]=Eigenvalues[twotwo[naxtrixDiagNum,1]],
twotwo[naxtrixDiagNum,5]=Det[twotwo[naxtrixDiagNum,1]],

Transpose[twotwo[naxtrixDiagNum,1]],
ConjugateTranspose[twotwo[naxtrixDiagNum,1]],
Conjugate[twotwo[naxtrixDiagNum,1]],
Inverse[twotwo[naxtrixDiagNum,1]],


AntihermitianMatrixQ[twotwo[naxtrixDiagNum,1]],
SymmetricMatrixQ[twotwo[naxtrixDiagNum,1]],
HermitianMatrixQ[twotwo[naxtrixDiagNum,1]],
AntisymmetricMatrixQ[twotwo[naxtrixDiagNum,1]],
PositiveSemidefiniteMatrixQ[twotwo[naxtrixDiagNum,1]],
PositiveDefiniteMatrixQ[twotwo[naxtrixDiagNum,1]],
NegativeDefiniteMatrixQ[twotwo[naxtrixDiagNum,1]],
NegativeSemidefiniteMatrixQ[twotwo[naxtrixDiagNum,1]],

twotwo[naxtrixDiagNum,1]. nullNotnullPair



}

Out[196]= 3
Out[197]= {{{1,0},{0,1}},(1	0
0	1

),2,{1,1},1,{{1,0},{0,1}},{{1,0},{0,1}},{{1,0},{0,1}},{{1,0},{0,1}},False,True,True,False,True,True,False,False,{{0},{-I}}}
In[198]:= naxtrixDiagNum=4
{
twotwo[naxtrixDiagNum,1]={{-1,0},{0,-1}},
twotwo[naxtrixDiagNum,2]=twotwo[naxtrixDiagNum,1]//MatrixForm,
twotwo[naxtrixDiagNum,3]=Tr[twotwo[naxtrixDiagNum,1]],
twotwo[naxtrixDiagNum,4]=Eigenvalues[twotwo[naxtrixDiagNum,1]],
twotwo[naxtrixDiagNum,5]=Det[twotwo[naxtrixDiagNum,1]],

Transpose[twotwo[naxtrixDiagNum,1]],
ConjugateTranspose[twotwo[naxtrixDiagNum,1]],
Conjugate[twotwo[naxtrixDiagNum,1]],
Inverse[twotwo[naxtrixDiagNum,1]],


AntihermitianMatrixQ[twotwo[naxtrixDiagNum,1]],
SymmetricMatrixQ[twotwo[naxtrixDiagNum,1]],
HermitianMatrixQ[twotwo[naxtrixDiagNum,1]],
AntisymmetricMatrixQ[twotwo[naxtrixDiagNum,1]],
PositiveSemidefiniteMatrixQ[twotwo[naxtrixDiagNum,1]],
PositiveDefiniteMatrixQ[twotwo[naxtrixDiagNum,1]],
NegativeDefiniteMatrixQ[twotwo[naxtrixDiagNum,1]],
NegativeSemidefiniteMatrixQ[twotwo[naxtrixDiagNum,1]],

twotwo[naxtrixDiagNum,1]. nullNotnullPair



}

Out[198]= 4
Out[199]= {{{-1,0},{0,-1}},(-1	0
0	-1

),-2,{-1,-1},1,{{-1,0},{0,-1}},{{-1,0},{0,-1}},{{-1,0},{0,-1}},{{-1,0},{0,-1}},False,True,True,False,False,False,True,True,{{0},{I}}}
In[200]:= {{-1,0,0},{0,-1,0},{0,0,-1}}
Out[200]= {{-1,0,0},{0,-1,0},{0,0,-1}}
In[201]:= {{-1,0,0,0},{0,-1,0,0},{0,0,-1,0},{0,0,0,-1}} //MatrixForm
Out[201]//MatrixForm= (-1	0	0	0
0	-1	0	0
0	0	-1	0
0	0	0	-1

)
In[202]:= {{{-1,0},{0,-1}},{{-1,0},{0,-1}},{{-1,0},{0,-1}}}
Out[202]= {{{-1,0},{0,-1}},{{-1,0},{0,-1}},{{-1,0},{0,-1}}}
In[203]:= {{{-1,0},{0,-1}},{{-1,0},{0,-1}},{{-1,0},{0,-1}}}//MatrixForm
Out[203]//MatrixForm= ((-1
0

)	(0
-1

)
(-1
0

)	(0
-1

)
(-1
0

)	(0
-1

)

)
In[204]:= 
In[205]:= GraphPlot3D[{{-1,0,0},{0,-1,0},{0,0,-1}}]
Out[205]= 
In[206]:= GraphPlot3D[{{-1,1,1},{-1,-1,1},{1,1,-1}}]
Out[206]= 
In[207]:= setReportProprites_naxtrixDiagNum[10,{{0,0},{0,0}}]
Out[207]= (setReportProprites:Blank[4])[10,{{0,0},{0,0}}]
In[208]:= twotwo[naxtrixDiagNum,1]
Out[208]= {{-1,0},{0,-1}}
In[209]:= In[18]:=
In[209]:= setReportProprites_naxtrixDiagNum[10,{{0,0},{0,0}}]
Out[209]= (setReportProprites:Blank[4])[10,{{0,0},{0,0}}]
In[210]:= twotwo
Out[210]= twotwo
In[211]:= twotwo={}
Out[211]= {}
In[212]:= Clear[twotwo]
In[213]:= twotwo[10,1]
Out[213]= twotwo[10,1]
In[214]:= setReportProprites_naxtrixDiagNum[0, {{0,0},{0,0}}]
Out[214]= (setReportProprites:Blank[4])[0,{{0,0},{0,0}}]
In[215]:= setReportProprites_naxtrixDiagNum[1,{{0,0},{0,0}}]
Out[215]= (setReportProprites:Blank[4])[1,{{0,0},{0,0}}]
In[216]:= twotwo[_,_]
Out[216]= twotwo[_,_]
In[217]:= 
In[218]:= twotwo
Out[218]= twotwo
In[219]:= 
setReportProprites_naxtrixDiagNum[naxtrixDiagNum_,thetwotwo_]:= 
{

Print[naxtrixDiagNum,thetwotwo];
twotwo[naxtrixDiagNum,1]=thetwotwo;
twotwo[naxtrixDiagNum,2]=twotwo[naxtrixDiagNum,1];
twotwo[naxtrixDiagNum,3]=Tr[twotwo[naxtrixDiagNum,1]];
twotwo[naxtrixDiagNum,4]=Eigenvalues[twotwo[naxtrixDiagNum,1]];
twotwo[naxtrixDiagNum,5]=Det[twotwo[naxtrixDiagNum,1]];

Transpose[twotwo[naxtrixDiagNum,1]];
ConjugateTranspose[twotwo[naxtrixDiagNum,1]];
Conjugate[twotwo[naxtrixDiagNum,1]];
Inverse[twotwo[naxtrixDiagNum,1]];


AntihermitianMatrixQ[twotwo[naxtrixDiagNum,1]];
SymmetricMatrixQ[twotwo[naxtrixDiagNum,1]];
HermitianMatrixQ[twotwo[naxtrixDiagNum,1]];
AntisymmetricMatrixQ[twotwo[naxtrixDiagNum,1]];
PositiveSemidefiniteMatrixQ[twotwo[naxtrixDiagNum,1]];
PositiveDefiniteMatrixQ[twotwo[naxtrixDiagNum,1]];
NegativeDefiniteMatrixQ[twotwo[naxtrixDiagNum,1]];
NegativeSemidefiniteMatrixQ[twotwo[naxtrixDiagNum,1]];

twotwo[naxtrixDiagNum,1]. nullNotnullPair;

Return[twotwo]
}

During evaluation of In[219]:= SetDelayed::write: Tag Integer in (setReportProprites:Blank[4])[naxtrixDiagNum_,thetwotwo_] is Protected.
Out[219]= $Failed
In[220]:= setReportPropritesnaxtrixDiagNum[{{-I,0},{0,-I}}]
Out[220]= setReportPropritesnaxtrixDiagNum[{{-I,0},{0,-I}}]
In[221]:= 
setReportPropritesnaxtrixDiagNum[thetwotwo_]:= 
{

Print[naxtrixDiagNum,thetwotwo];
twotwo[1]=thetwotwo;
twotwo[2]=twotwo[naxtrixDiagNum,1];
twotwo[3]=Tr[twotwo[naxtrixDiagNum,1]];
twotwo[4]=Eigenvalues[twotwo[naxtrixDiagNum,1]];
twotwo[5]=Det[twotwo[naxtrixDiagNum,1]];

Transpose[twotwo[1,1]];
ConjugateTranspose[twotwo[1,1]];
Conjugate[twotwo[1,1]];
Inverse[twotwo[1,1]];


AntihermitianMatrixQ[twotwo[1,1]];
SymmetricMatrixQ[twotwo[1,1]];
HermitianMatrixQ[twotwo[1,1]];
AntisymmetricMatrixQ[twotwo[1,1]];
PositiveSemidefiniteMatrixQ[twotwo[1,1]];
PositiveDefiniteMatrixQ[twotwo[1,1]];
NegativeDefiniteMatrixQ[twotwo[1,1]];
NegativeSemidefiniteMatrixQ[twotwo[1,1]];

twotwo[1,1]. nullNotnullPair;

Return[twotwo[1]]
}

In[222]:= ParametricPlot3D[{Cos[a] (1+Cos[a/2]),Sin[a] (1+Cos[a/2]), Sin[a/2]},{a,0,2Pi}]
ParametricPlot3D[{Cos[a] (1+Cos[a/2]),Sin[a] (1+Cos[a/2]), Sin[a/2]},{a,0,Pi}]
ParametricPlot3D[{Cos[a] (1+Cos[a/2]),Sin[a] (1+Cos[a/2]), Sin[a/2]},{a,-Pi,0}]

Out[222]= 
Out[223]= 
Out[224]= 
In[225]:= ParametricPlot3D[{Cos[a] (1+Cos[a/2]),Sin[a] (1+Cos[a/2]), Sin[a/2]},{a,Pi,0}]
ParametricPlot3D[{Cos[a] (1+Cos[a/2]),Sin[a] (1+Cos[a/2]),Sin[a/2]},{a,-Pi,0}]
ParametricPlot3D[{Cos[a] (1+r/2Cos[a/2]),Sin[a] (1+r/2Cos[a/2]), r/2Sin[a/2]},{a,Pi,0},{r,-1,1}]
ParametricPlot3D[{Cos[a] (1+r/2Cos[a/2]),Sin[a] (1+r/2Cos[a/2]), r/2Sin[a/2]},{a,Pi,0},{r,-1,1}]

Out[225]= 
Out[226]= 
Out[227]= 
Out[228]= 
In[229]:= ParametricPlot3D[{Cos[a] (1+r/2Cos[a/2]),Sin[a] (1+r/2Cos[a/2]), r/2Sin[a/2]},{a,Pi,0},{r,0,1}]
ParametricPlot3D[{Cos[a] (1+r/2Cos[a/2]),Sin[a] (1+r/2Cos[a/2]), r/2Sin[a/2]},{a,0,Pi},{r,0,-1}]
ParametricPlot3D[{Cos[a] (1+r/2Cos[a/2]),Sin[a] (1+r/2Cos[a/2]), r/2Sin[a/2]},{a,-Pi,0},{r,0,1}]
ParametricPlot3D[{Cos[a] (1+r/2Cos[a/2]),Sin[a] (1+r/2Cos[a/2]), r/2Sin[a/2]},{a,0,-Pi},{r,0,1}]




Out[229]= 
Out[230]= 
Out[231]= 
Out[232]= 
In[233]:= ParametricPlot3D[{Cos[a] (1+r/2Cos[a/2]),Sin[a] (1+r/2Cos[a/2]), r/2Sin[a/2]},{a,Pi,0},{r,-1,1}]
ParametricPlot3D[{Cos[a] (1+r/2Cos[a/2]),Sin[a] (1+r/2Cos[a/2]), r/2Sin[a/2]},{a,0,Pi},{r,-1,1}]
ParametricPlot3D[{Cos[a] (1+r/2Cos[a/2]),Sin[a] (1+r/2Cos[a/2]), r/2Sin[a/2]},{a,-Pi,0},{r,-1,1}]
ParametricPlot3D[{Cos[a] (1+r/2Cos[a/2]),Sin[a] (1+r/2Cos[a/2]), r/2Sin[a/2]},{a,0,-Pi},{r,-1,1}]

Out[233]= 
Out[234]= 
Out[235]= 
Out[236]= 
In[237]:= ParametricPlot3D[{Cos[a] (1+r/2Cos[a/2]),Sin[a] (1+r/2Cos[a/2]), r/2Sin[a/2]},{a,Pi,0},{r,-1,1}]

Out[237]= 
In[238]:= TrigToExp[{Cos[a] (1+r/2Cos[a/2]),Sin[a] (1+r/2Cos[a/2]), r/2Sin[a/2]}]
Out[238]= {1/2 (E^(-I a)+E^(I a)) (1+1/4 (E^(-((I a)/2))+E^((I a)/2)) r),1/2 I (E^(-I a)-E^(I a)) (1+1/4 (E^(-((I a)/2))+E^((I a)/2)) r),1/4 I E^(-((I a)/2)) r-1/4 I E^((I a)/2) r}
In[239]:= ParametricPlot3D[{Cos[a] (1+r/2Cos[a/2]),Sin[a] (1+r/2Cos[a/2]), r/2Sin[a/2]},{a,-Pi,Pi},{r,-1,1}]
ParametricPlot3D[{Cos[a] (1+r/2Cos[a/2]),Sin[a] (1+r/2Cos[a/2]), r/2Sin[a/2]},{a,0,2Pi},{r,-1,1}]
ParametricPlot3D[{Cos[a] (1+r/2Cos[a/2]),Sin[a] (1+r/2Cos[a/2]), r/2Sin[a/2]},{a,0,2Pi},{r,-1,1}]


Out[239]= 
Out[240]= 
Out[241]= 
In[242]:= r=-1
ParametricPlot3D[{Cos[a] (1+r/2Cos[a/2]),Sin[a] (1+r/2Cos[a/2]), r/2Sin[a/2]},{a,-Pi,Pi}]
r=0
ParametricPlot3D[{Cos[a] (1+r/2Cos[a/2]),Sin[a] (1+r/2Cos[a/2]), r/2Sin[a/2]},{a,-Pi,Pi}]
r=1
ParametricPlot3D[{Cos[a] (1+r/2Cos[a/2]),Sin[a] (1+r/2Cos[a/2]), r/2Sin[a/2]},{a,-Pi,Pi}]


Out[242]= -1
Out[243]= 
Out[244]= 0
Out[245]= 
Out[246]= 1
Out[247]= 

Out[54]= 
Out[55]= 
In[248]:= ParametricPlot3D[{Cos[a] (1+r/2Cos[a/2]),Sin[a] (1+r/2Cos[a/2]), r/2Sin[a/2]},{a,0,2Pi},{r,-1,1}]
ParametricPlot3D[{Cos[a] (1+Cos[a/2]),Sin[a] (1+Cos[a/2]), Sin[a/2]},{a,0,2Pi}]
Plot3D[{Cos[a] (1+Cos[a/2]),Sin[a] (1+Cos[a/2]), Sin[a/2]},{a,0,2Pi},{r,-1,1}]
List[{Cos[a] (1+r/2Cos[a/2]),Sin[a] (1+r/2Cos[a/2]), r/2Sin[a/2]},{a,0,2Pi},{r,-1,1}]



Out[248]= 
Out[249]= 
Out[250]= 
Out[251]= {{(1+1/2 Cos[a/2]) Cos[a],(1+1/2 Cos[a/2]) Sin[a],1/2 Sin[a/2]},{a,0,2 \[Pi]},{1,-1,1}}
In[252]:= ParametricPlot3D[{Cos[a] (1+r/2Cos[a/2]),Sin[a] (1+r/2Cos[a/2]), r/2Sin[a/2]},{a,0,Pi},{r,-1,1}]
ParametricPlot3D[{Cos[a] (1+Cos[a/2]),Sin[a] (1+Cos[a/2]), Sin[a/2]},{a,0,Pi}]

Out[252]= 
Out[253]= 
In[254]:= r=-1
s=0
t=1
ParametricPlot3D[{{Cos[a] (1+r/2Cos[a/2]),Sin[a] (1+r/2Cos[a/2]), r/2Sin[a/2]},{a,0,2Pi}
}],
ParametricPlot3D[{Cos[a] (1+r/2Cos[a/2]),Sin[a] (1+r/2Cos[a/2]), r/2Sin[a/2]},{a,0,2Pi}]
r=1
ParametricPlot3D[{Cos[a] (1+r/2Cos[a/2]),Sin[a] (1+r/2Cos[a/2]), r/2Sin[a/2]},{a,0,2Pi}]
Out[254]= -1
Out[255]= 0
Out[256]= 1
In[257]:= ff1=ParametricPlot3D[{Cos[a] (1+r/2Cos[a/2]),Sin[a] (1+r/2Cos[a/2]), r/2Sin[a/2]},{a,0,2Pi},{r,-1,1}]
r=-1
ff2=ParametricPlot3D[{Cos[a] (1+r/2Cos[a/2]),Sin[a] (1+r/2Cos[a/2]), r/2Sin[a/2]},{a,0,2Pi}]
r=0
ff3=ParametricPlot3D[{Cos[a] (1+r/2Cos[a/2]),Sin[a] (1+r/2Cos[a/2]), r/2Sin[a/2]},{a,0,2Pi}]
r=1
ff4=ParametricPlot3D[{Cos[a] (1+r/2Cos[a/2]),Sin[a] (1+r/2Cos[a/2]), r/2Sin[a/2]},{a,0,2Pi}]

Out[257]= 
Out[258]= -1
Out[259]= 
Out[260]= 0
Out[261]= 
Out[262]= 1
Out[263]= 
In[264]:= ff1=ParametricPlot3D[{Cos[a] (1+r/2Cos[a/2]),Sin[a] (1+r/2Cos[a/2]), r/2Sin[a/2]},{a,-2Pi,2Pi},{r,-1,1}]
r=-1
ff2=ParametricPlot3D[{Cos[a] (1+r/2Cos[a/2]),Sin[a] (1+r/2Cos[a/2]), r/2Sin[a/2]},{a,-2Pi,2Pi}]
r=0
ff3=ParametricPlot3D[{Cos[a] (1+r/2Cos[a/2]),Sin[a] (1+r/2Cos[a/2]), r/2Sin[a/2]},{a,-2Pi,2Pi}]
r=1
ff4=ParametricPlot3D[{Cos[a] (1+r/2Cos[a/2]),Sin[a] (1+r/2Cos[a/2]), r/2Sin[a/2]},{a,-2Pi,2Pi}]

Out[264]= 
Out[265]= -1
Out[266]= 
Out[267]= 0
Out[268]= 
Out[269]= 1
Out[270]= 

Out[70]= 0
Out[71]= 
Out[72]= 1
Out[73]= 
In[271]:= ff4
Out[271]= 
In[272]:= 
Show[{ff2,(*ff3,*)ff4}]
Out[272]= 
In[273]:= 
In[274]:= ParametricPlot3D[{Cos[a] (1+r/2Cos[a/2]),Sin[a] (1+r/2Cos[a/2]), r/2Sin[a/2]},{a,0,2Pi},{r,-1,1}]
ParametricPlot3D[{Cos[a] (1+r/2Cos[a/2]),Sin[a] (1+r/2Cos[a/2]), r/2Sin[a/2]},{a,0,2Pi},{r,0,1}]
ParametricPlot3D[{Cos[a] (1+r/2Cos[a/2]),Sin[a] (1+r/2Cos[a/2]), r/2Sin[a/2]},{a,0,2Pi},{r,-1,0}]
ParametricPlot3D[{Cos[a] (1+Cos[a/2]),Sin[a] (1+Cos[a/2]), Sin[a/2]},{a,0,2Pi}]
r=1
ParametricPlot3D[{Cos[a] (1+r/2Cos[a/2]),Sin[a] (1+r/2Cos[a/2]), r/2Sin[a/2]},{a,0,2Pi}]
r=-1
ParametricPlot3D[{Cos[a] (1+r/2Cos[a/2]),Sin[a] (1+r/2Cos[a/2]), r/2Sin[a/2]},{a,0,2Pi}]
r=0
ParametricPlot3D[{Cos[a] (1+r/2Cos[a/2]),Sin[a] (1+r/2Cos[a/2]), r/2Sin[a/2]},{a,0,2Pi}]
r=1
ParametricPlot3D[{Cos[a] (1+r/2Cos[a/2]),Sin[a] (1+r/2Cos[a/2]), r/2Sin[a/2]},{a,-2Pi,0}]
r=1;ParametricPlot3D[{Cos[a] (1+r/2Cos[a/2]),Sin[a] (1+r/2Cos[a/2]), r/2Sin[a/2]},{a,-Pi,0}]



Out[274]= 
Out[275]= 
Out[276]= 
Out[277]= 
Out[278]= 1
Out[279]= 
Out[280]= -1
Out[281]= 
Out[282]= 0
Out[283]= 
Out[284]= 1
Out[285]= 
Out[286]= 
In[287]:= TrigToExp[{Cos[a] (1+r/2Cos[a/2]),Sin[a] (1+r/2Cos[a/2]), r/2Sin[a/2]}]



Out[287]= {1/2 (E^(-I a)+E^(I a)) (1+1/4 (E^(-((I a)/2))+E^((I a)/2))),1/2 I (E^(-I a)-E^(I a)) (1+1/4 (E^(-((I a)/2))+E^((I a)/2))),1/4 I E^(-((I a)/2))-1/4 I E^((I a)/2)}
In[288]:= TrigToExp[{Cos[a] (1+r/2Cos[a/2]),Sin[a] (1+r/2Cos[a/2]), r/2Sin[a/2]}]
Out[288]= {1/2 (E^(-I a)+E^(I a)) (1+1/4 (E^(-((I a)/2))+E^((I a)/2))),1/2 I (E^(-I a)-E^(I a)) (1+1/4 (E^(-((I a)/2))+E^((I a)/2))),1/4 I E^(-((I a)/2))-1/4 I E^((I a)/2)}
In[289]:= TrigToExp[ParametricPlot3D[{Cos[a] (1+r/2Cos[a/2]),Sin[a] (1+r/2Cos[a/2]), r/2Sin[a/2]},{a,-2Pi,2Pi},{r,-2Pi,2Pi}]]
Out[289]= 
In[290]:= 
Out[290]= 
In[291]:= ParametricPlot3D[{(r Cos[a]),(r Cos[a]), r Sin[a]},{a,0,1},{r,0,1}]
Out[291]= 
In[292]:= TrigToExp[Plot3D[{Cos[a] (1+r/2Cos[a/2]),Sin[a] (1+r/2Cos[a/2]), r/2Sin[a/2]},{a,-2Pi,2Pi},{r,-2Pi,2Pi}]]
Out[292]= 
In[293]:= TrigToExp[ParametricPlot3D[{Cos[a] (1+r/2Cos[a/2]),Sin[a] (1+r/2Cos[a/2]), r/2Sin[a/2]},{a,-4Pi,4Pi},{r,-4Pi,4Pi}]]
Out[293]= 
In[294]:= TrigToExp[Plot3D[{Cos[a] (1+r/2Cos[a/2]),Sin[a] (1+r/2Cos[a/2]), r/2Sin[a/2]},{a,-4Pi,4Pi},{r,-4Pi,4Pi}]]
Out[294]= 
In[295]:= TrigToExp[ParametricPlot3D[{Cos[a] (1+r/2Cos[a/2]),Sin[a] (1+r/2Cos[a/2]), r/2Sin[a/2]},{a,-16Pi,16Pi},{r,-16Pi,16Pi}]]
Out[295]= 
In[296]:= TrigToExp[Plot3D[{Cos[a] (1+r/2Cos[a/2]),Sin[a] (1+r/2Cos[a/2]), r/2Sin[a/2]},{a,-16Pi,16Pi},{r,-16Pi,16Pi}]]
Out[296]= 
In[297]:= ParametricPlot3D[{Cos[a] (1+r/2Cos[a/4]),Sin[a] (1+r/2Cos[a/4]), r/2Sin[a/4]},{a,-4Pi,4Pi},{r,-4,4}]

Out[297]= 
In[298]:= Plot3D[{Cos[a] (1+r/2Cos[a/4]),Sin[a] (1+r/2Cos[a/4]), r/2Sin[a/4]},{a,-4Pi,4Pi},{r,-4,4}]

Out[298]= 
In[299]:= ParametricPlot3D[{Cos[a] (1+r/2Cos[a/2]),Sin[a] (1+r/2Cos[a/2]), r/2Sin[a/2]},{a,0,2Pi},{r,-1,1}]
Out[299]= 
In[300]:= ParametricPlot3D[{Cos[a] (1+r/2Cos[a/4]),Sin[a] (1+r/2Cos[a/4]), r/2Sin[a/4]},{a,-4Pi,4Pi},{r,-4,4}]
Out[300]= 
In[301]:= ParametricPlot3D[{Cos[a] ((*1+*)r/2Cos[a/1]),Sin[a] ((*1+*)r/1Cos[a/1]), r/2Sin[a/1]},{a,0,1},{r,0,-1}]
Out[301]= 

In[302]:= 
Out[302]= 
In[303]:= TrigToExp[{Cos[a] (1+r/2Cos[a/2]),Sin[a] (1+r/2Cos[a/2]), r/2Sin[a/2]}]
Out[303]= {1/2 (E^(-I a)+E^(I a)) (1+1/4 (E^(-((I a)/2))+E^((I a)/2))),1/2 I (E^(-I a)-E^(I a)) (1+1/4 (E^(-((I a)/2))+E^((I a)/2))),1/4 I E^(-((I a)/2))-1/4 I E^((I a)/2)}
In[304]:= ParametricPlot3D[{Cos[a] (1+r/2Cos[a/2]),Sin[a] (1+r/2Cos[a/2]), r/2Sin[a/2]},{a,-Pi,Pi},{r,-1,1}]
ComplexPlot[{Cos[a] (1+r/2Cos[a/2]),Sin[a] (1+r/2Cos[a/2]), r/2Sin[a/2]},{a,-Pi,Pi},{r,-1,1}]
ParametricPlot3D[{Cos[a] (1+Cos[a/2]),Sin[a] (1+Cos[a/2]), Sin[a/2]},{a,-Pi,Pi}]
ParametricPlot3D[{Cos[a] (1+r/2Cos[a/2]),Sin[a] (1+r/2Cos[a/2]), r/2Sin[a/2]},{a,-2Pi,2Pi}]
r=-1
negOne=ParametricPlot3D[{Cos[a] (1+r/2Cos[a/2]),Sin[a] (1+r/2Cos[a/2]), r/2Sin[a/2]},{a,-Pi,Pi}]
r=1
plusOne=ParametricPlot3D[{Cos[a] (1+r/2Cos[a/2]),Sin[a] (1+r/2Cos[a/2]), r/2Sin[a/2]},{a,-Pi,Pi}]
Show[{negOne,plusOne}]
r=-1
negOne=ParametricPlot3D[{Cos[a] (1+r/2Cos[a/2]),Sin[a] (1+r/2Cos[a/2]), r/2Sin[a/2]},{a,-Pi,0}]
r=1
plusOne=ParametricPlot3D[{Cos[a] (1+r/2Cos[a/2]),Sin[a] (1+r/2Cos[a/2]), r/2Sin[a/2]},{a,Pi,0}]
Show[{negOne,plusOne}]


Out[304]= 
During evaluation of In[304]:= ComplexPlot::nonopt: Options expected (instead of {r,-1,1}) beyond position 2 in ComplexPlot[{Cos[a] (1+1/2 r Cos[a Power[<<2>>]]),Sin[a] (1+1/2 r Cos[a Power[<<2>>]]),1/2 r Sin[a/2]},{a,-\[Pi],\[Pi]},{r,-1,1}]. An option must be a rule or a list of rules.
Out[305]= ComplexPlot[{Cos[a] (1+1/2 r Cos[a/2]),Sin[a] (1+1/2 r Cos[a/2]),1/2 r Sin[a/2]},{a,-\[Pi],\[Pi]},{r,-1,1}]
Out[306]= 
Out[307]= 
Out[308]= -1
Out[309]= 
Out[310]= 1
Out[311]= 
Out[312]= 
Out[313]= -1
Out[314]= 
Out[315]= 1
Out[316]= 
Out[317]= 
In[318]:= r=-1
negOne=ParametricPlot3D[{Cos[a] (1+r/2Cos[a/2]),Sin[a] (1+r/2Cos[a/2]), r/2Sin[a/2]},{a,-2Pi,2Pi},PlotStyle->{Red}]
negOneb=ParametricPlot3D[{Cos[a] (1+r/2Cos[a/2]),Sin[a] (1+r/2Cos[a/2]), r/2Sin[a/2]},{a,-4Pi,4Pi},PlotStyle->{Orange}]
negOnec=ParametricPlot3D[{Cos[a] (1+r/2Cos[a/2]),Sin[a] (1+r/2Cos[a/2]), r/2Sin[a/2]},{a,-2Pi,2Pi},PlotStyle->{Yellow}]
r=1
plusOne=ParametricPlot3D[{Cos[a] (1+r/2Cos[a/2]),Sin[a] (1+r/2Cos[a/2]), r/2Sin[a/2]},{a,-2Pi,2Pi},PlotStyle->{Green}]
r=0
theZero=ParametricPlot3D[{Cos[a] (1+r/2Cos[a/2]),Sin[a] (1+r/2Cos[a/2]), r/2Sin[a/2]},{a,-2Pi,2Pi},PlotStyle->{White}]
Show[{plusOne,negOne,theZero}]
Out[318]= -1
Out[319]= 
Out[320]= 
Out[321]= 
Out[322]= 1
Out[323]= 
Out[324]= 0
Out[325]= 
Out[326]= 
In[327]:= Full[Show[{,}]]
Out[327]= Full[]
In[328]:= Show[{negOne,plusOne}]
Out[328]= 
In[329]:= 
In[330]:= r=-1
negOne=Plot3D[{Cos[a] (1+r/2Cos[a/2]),Sin[a] (1+r/2Cos[a/2]), r/2Sin[a/2]},{a,-Pi,Pi},PlotStyle->{Red}]
r=1
plusOne=Plot3D[{Cos[a] (1+r/2Cos[a/2]),Sin[a] (1+r/2Cos[a/2]), r/2Sin[a/2]},{a,-Pi,Pi},PlotStyle->{Green}]
Show[{plusOne,negOne}]
Out[330]= -1
During evaluation of In[330]:= Plot3D::argrx: Plot3D called with 2 arguments; 3 arguments are expected.
Out[331]= Plot3D[{Cos[a] (1+1/2 r Cos[a/2]),Sin[a] (1+1/2 r Cos[a/2]),1/2 r Sin[a/2]},{a,-\[Pi],\[Pi]},PlotStyle->{Red}]
Out[332]= 1
During evaluation of In[330]:= Plot3D::argrx: Plot3D called with 2 arguments; 3 arguments are expected.
Out[333]= Plot3D[{Cos[a] (1+1/2 r Cos[a/2]),Sin[a] (1+1/2 r Cos[a/2]),1/2 r Sin[a/2]},{a,-\[Pi],\[Pi]},PlotStyle->{Green}]
During evaluation of In[330]:= Plot3D::argrx: Plot3D called with 2 arguments; 3 arguments are expected.
During evaluation of In[330]:= Show::gcomb: Could not combine the graphics objects in Show[{Plot3D[{Cos[a] (1+<<2>> Cos[<<1>>]),Sin[a] (1+<<2>> Cos[<<1>>]),1/2 r Sin[a Power[<<2>>]]},{a,-\[Pi],\[Pi]},PlotStyle->{Green}],Plot3D[<<1>>]}].
Out[334]= Show[{Plot3D[{Cos[a] (1+1/2 r Cos[a/2]),Sin[a] (1+1/2 r Cos[a/2]),1/2 r Sin[a/2]},{a,-\[Pi],\[Pi]},PlotStyle->{Green}],Plot3D[{Cos[a] (1+1/2 r Cos[a/2]),Sin[a] (1+1/2 r Cos[a/2]),1/2 r Sin[a/2]},{a,-\[Pi],\[Pi]},PlotStyle->{Red}]}]
In[335]:= ParametricPlot3D[{Cos[t](3+r Cos[t/2]),Sin[t](3+r Cos[t/2]),r Sin[t/2]},{r,0,2Pi},{t,0,2Pi},Mesh->{5,10},PlotStyle->FaceForm[Red,Green]]
Out[335]= 
In[336]:= ParametricPlot3D[{Cos[t](3+r Cos[t/2]),Sin[t](3+r Cos[t/2]),r Sin[t/2]},{r,-Pi,Pi},{t,-Pi,Pi},Mesh->{5,10},PlotStyle->FaceForm[Red,Green]]
Out[336]= 

In[337]:= ParametricPlot3D[{Cos[t](3+r Cos[t/2]),Sin[t](3+r Cos[t/2]),r Sin[t/2]},{r,-1,1},{t,-1,1},Mesh->{5,10},PlotStyle->FaceForm[Red,Green]]
Out[337]= 
In[338]:= ParametricPlot3D[{Cos[t](3+r Cos[t/2]),Sin[t](3+r Cos[t/2]),r Sin[t/2]},{r,-1,1},{t,0,2Pi},Mesh->{5,10},PlotStyle->FaceForm[Red,Green]]
Out[338]= 
In[339]:= ParametricPlot3D[{Cos[t](3+r Cos[t/2]),Sin[t](3+r Cos[t/2]),r Sin[t/2]},{r,0,Pi},{t,0,2Pi},Mesh->{5,10},PlotStyle->FaceForm[Red,Green]]
Out[339]= 
In[340]:= ParametricPlot3D[{Cos[t](3+r Cos[t/2]),Sin[t](3+r Cos[t/2]),r Sin[t/2]},{r,0,-Pi},{t,0,-Pi},Mesh->{5,10},PlotStyle->FaceForm[Red,Green]]
Out[340]= 

In[341]:= ParametricPlot3D[{Cos[t](3+r Cos[t/2]),Sin[t](3+r Cos[t/2]),r Sin[t/2]},{r,-Pi,0},{t,-Pi,0},Mesh->{5,10},PlotStyle->FaceForm[Red,Green]]
Out[341]= 
In[342]:= ParametricPlot3D[{Cos[t](3+r Cos[t/2]),Sin[t](3+r Cos[t/2]),r Sin[t/2]},{r,Pi,0},{t,Pi,0},Mesh->{5,10},PlotStyle->FaceForm[Red,Green]]
Out[342]= 
In[343]:= ParametricPlot3D[{Cos[t](3+r Cos[t/2]),Sin[t](3+r Cos[t/2]),r Sin[t/2]},{r,0,1},{t,0,1},Mesh->{5,10},PlotStyle->FaceForm[Red,Green]]
Out[343]= 
In[344]:= ParametricPlot3D[{Cos[t](3+r Cos[t/2]),Sin[t](3+r Cos[t/2]),r Sin[t/2]},{r,0,2},{t,0,2},Mesh->{5,10},PlotStyle->FaceForm[Red,Green]]
Out[344]= 
In[345]:= ParametricPlot3D[{Cos[t](3+r Cos[t/2]),Sin[t](3+r Cos[t/2]),r Sin[t/2]},{r,0,Pi},{t,0,Pi},Mesh->{5,10},PlotStyle->FaceForm[Red,Green]]
Out[345]= 
In[346]:= ParametricPlot3D[{Cos[u](3+Cos[u/2]Sin[v]-Sin[u/2]Sin[2v]),Sin[u](3+Cos[u/2]Sin[v]-Sin[u/2]Sin[2v]),Sin[u/2]Sin[v]+Cos[u/2]Sin[2v]},{u,0,2Pi},{v,0,2Pi},PlotStyle->FaceForm[Red,Yellow]]
Out[346]= 
In[347]:= ParametricPlot3D[{1.16^v Cos[v](1+Cos[u]),-1.16^v Sin[v](1+Cos[u]),-2 1.16^v(1+Sin[u])},{u,0,2Pi},{v,-15,6},Mesh->{{5}},MeshFunctions->{#1^2+#2^2&},MeshShading->{Opacity[0.4,Yellow],Red},Axes->False,PlotRange->All,MaxRecursion->4]
Out[347]= 
In[348]:= c = ParametricPlot3D[{Cos[u],Sin[u],u},{u,0,2Pi}, PlotStyle->Thick,BoxRatios->{1,1,1}]
Out[348]= 
In[349]:= Show[{s,c}, Axes->False]
During evaluation of In[349]:= Show::gcomb: Could not combine the graphics objects in Show[{0,},Axes->False].
Out[349]= Show[{0,},Axes->False]
In[350]:= Show[{s,c}, Axes->False]
During evaluation of In[350]:= Show::gcomb: Could not combine the graphics objects in Show[{0,},Axes->False].
Out[350]= Show[{0,},Axes->False]
	
The Lorenz equations [more info]:
In[351]:= s=NDSolve[{(x^\[Prime])[t]==-3 (x[t]-y[t]),(y^\[Prime])[t]==-x[t] z[t]+26.5 x[t]-y[t],(z^\[Prime])[t]==x[t] y[t]-z[t],x[0]==z[0]==0,y[0]==1},{x,y,z},{t,0,200},MaxSteps->\[Infinity]]
During evaluation of In[351]:= NDSolve::dsvar: 1 cannot be used as a variable.
Out[351]= NDSolve[{(x^\[Prime])[1]==-3 (x[1]-y[1]),(y^\[Prime])[1]==26.5 x[1]-y[1]-x[1] z[1],(z^\[Prime])[1]==x[1] y[1]-z[1],x[0]==z[0]==0,y[0]==1},{x,y,z},{1,0,200},MaxSteps->\[Infinity]]
In[352]:= ParametricPlot3D[Evaluate[{x[t],y[t],z[t]}/.s],{t,0,200},PlotPoints->100,ColorFunction->(Hue[#4]&)]
During evaluation of In[352]:= ReplaceAll::reps: {NDSolve[{(x^\[Prime])[1]==-3 (x[1]-y[<<1>>]),(y^\[Prime])[1]==26.5 x[1]-y[1]-x[1] z[1],(z^\[Prime])[1]==x[1] y[1]-z[1],x[0]==z[0]==0,y[0]==1},{x,y,z},{1,0,200},MaxSteps->\[Infinity]]} is neither a list of replacement rules nor a valid dispatch table, and so cannot be used for replacing.
During evaluation of In[352]:= NDSolve::dsvar: 1 cannot be used as a variable.
During evaluation of In[352]:= ReplaceAll::reps: {NDSolve[{(x^\[Prime])[1]==-3 (x[1]-y[<<1>>]),(y^\[Prime])[1]==26.5 x[1]-y[1]-x[1] z[1],(z^\[Prime])[1]==x[1] y[1]-z[1],x[0]==z[0]==0,y[0]==1},{x,y,z},{1,0,200},MaxSteps->\[Infinity]]} is neither a list of replacement rules nor a valid dispatch table, and so cannot be used for replacing.
During evaluation of In[352]:= NDSolve::dsvar: 1.` cannot be used as a variable.
During evaluation of In[352]:= ReplaceAll::reps: {NDSolve[{(x^\[Prime])[1.]==-3. (x[1.]-1. y[<<1>>]),(y^\[Prime])[1.]==26.5 x[1.]-1. y[1.]-1. x[1.] z[1.],(z^\[Prime])[1.]==x[1.] y[1.]-1. z[1.],x[0.]==z[0.]==0.,y[0.]==1.},{x,y,z},<<1>>,MaxSteps->\[Infinity]]} is neither a list of replacement rules nor a valid dispatch table, and so cannot be used for replacing.
During evaluation of In[352]:= General::stop: Further output of ReplaceAll::reps will be suppressed during this calculation.
During evaluation of In[352]:= NDSolve::dsvar: 1.` cannot be used as a variable.
During evaluation of In[352]:= General::stop: Further output of NDSolve::dsvar will be suppressed during this calculation.
Out[352]= 
	
Compute a parametric curve from curvature and torsion [more info]:
In[353]:= intrinsicCurve3D[ {\[Kappa]_,\[Tau]_},{s_,smin_,smax_},{s0_,x0_,t0_,n0_}] :=
Module[ {x, t, n, b},
x/. First @ 
NDSolve[
{
x'[s] == t[s],                               x[s0]==x0,
t'[s] == \[Kappa] n[s],                           t[s0]==t0,
n'[s] == \[Tau] b[s]- \[Kappa] t[s],         n[s0]==n0,
b'[s] == -\[Tau] n[s],                          b[s0]==t0\[Cross]n0
},
{x, t, n, b}, 
{s, smin, smax}
]
];
In[354]:= intrinsicCurve3D[ {\[Kappa]_,\[Tau]_},{s_,smin_,smax_}]:= 
intrinsicCurve3D[{\[Kappa],\[Tau]},{s,smin,smax},{0,{0,0,0},{1,0,0},{0,1,0}}];
Plot the resulting space curves:
In[355]:= ParametricPlot3D[Evaluate@intrinsicCurve3D[{Abs[s],0.3},{s,-10,10}][s],{s,-10,10}]
During evaluation of In[355]:= NDSolve::dsvar: 1 cannot be used as a variable.
During evaluation of In[355]:= NDSolve::dsvar: 1.` cannot be used as a variable.
During evaluation of In[355]:= NDSolve::dsvar: 1.` cannot be used as a variable.
During evaluation of In[355]:= General::stop: Further output of NDSolve::dsvar will be suppressed during this calculation.
Out[355]= 
In[356]:= ParametricPlot3D[Evaluate@intrinsicCurve3D[ {1.3,0.5 Sin[s]},{s,0,4\[Pi]}][s],{s,0,4Pi}]
During evaluation of In[356]:= NDSolve::dsvar: 1 cannot be used as a variable.
During evaluation of In[356]:= NDSolve::dsvar: 1.` cannot be used as a variable.
During evaluation of In[356]:= NDSolve::dsvar: 1.` cannot be used as a variable.
During evaluation of In[356]:= General::stop: Further output of NDSolve::dsvar will be suppressed during this calculation.
Out[356]= 
	
Show Enneper's minimal surface:
In[357]:= ParametricPlot3D[{u-u^3/3+u v^2,-v-u^2v+v^3/3,u^2-v^2},{u,-2,2},{v,-2,2}]
Out[357]= 